# Histogram comment = 宇宙線/スレッショルド110mV/コインシデンス
# Analysis type = 0
# Pulse polarity (H, Q) = 1
# Analysis channel (H, Q) = 0
# Integration method (Q) = 0
# Time order (T) = 0
# Logic type (T) = 0
# Number of bins = 2^8
# Minimum = -1.000068E+2
# Maximum = 9.039367E+2
# Log scale y = 1
# Histogram ON = 0
# Number of Events = 12801
# Live time (sec) = 1.388299126200E+3
# Real time (sec) = 1.532919453621E+3
# Trigger rate (Hz) = 9.220635E+0
# DAQ rate (Hz) = 8.350732E+0
# duty = 9.056569E-1
# Started at = 15:34:03.592 2021/11/08
# Finished at = 15:59:36.739 2021/11/08
-9.804602E+1 0
-9.412437E+1 0
-9.020271E+1 0
-8.628106E+1 0
-8.235940E+1 0
-7.843775E+1 0
-7.451610E+1 0
-7.059444E+1 0
-6.667279E+1 0
-6.275113E+1 0
-5.882948E+1 0
-5.490782E+1 0
-5.098617E+1 0
-4.706452E+1 0
-4.314286E+1 0
-3.922121E+1 0
-3.529955E+1 0
-3.137790E+1 0
-2.745624E+1 0
-2.353459E+1 0
-1.961294E+1 0
-1.569128E+1 0
-1.176963E+1 0
-7.847973E+0 0
-3.926319E+0 0
-4.664258E-3 0
3.916990E+0 0
7.838644E+0 0
1.176030E+1 0
1.568195E+1 0
1.960361E+1 0
2.352526E+1 0
2.744692E+1 0
3.136857E+1 0
3.529022E+1 0
3.921188E+1 0
4.313353E+1 0
4.705519E+1 0
5.097684E+1 0
5.489850E+1 0
5.882015E+1 0
6.274180E+1 0
6.666346E+1 0
7.058511E+1 0
7.450677E+1 0
7.842842E+1 0
8.235008E+1 0
8.627173E+1 0
9.019338E+1 0
9.411504E+1 0
9.803669E+1 0
1.019583E+2 0
1.058800E+2 0
1.098017E+2 0
1.137233E+2 0
1.176450E+2 0
1.215666E+2 0
1.254883E+2 0
1.294099E+2 0
1.333316E+2 0
1.372532E+2 2
1.411749E+2 20
1.450965E+2 60
1.490182E+2 86
1.529399E+2 152
1.568615E+2 194
1.607832E+2 182
1.647048E+2 205
1.686265E+2 273
1.725481E+2 266
1.764698E+2 288
1.803914E+2 314
1.843131E+2 318
1.882347E+2 314
1.921564E+2 329
1.960781E+2 358
1.999997E+2 367
2.039214E+2 338
2.078430E+2 353
2.117647E+2 314
2.156863E+2 320
2.196080E+2 300
2.235296E+2 294
2.274513E+2 300
2.313729E+2 292
2.352946E+2 280
2.392162E+2 272
2.431379E+2 274
2.470596E+2 244
2.509812E+2 212
2.549029E+2 223
2.588245E+2 197
2.627462E+2 213
2.666678E+2 189
2.705895E+2 174
2.745111E+2 173
2.784328E+2 180
2.823544E+2 161
2.862761E+2 160
2.901978E+2 147
2.941194E+2 147
2.980411E+2 112
3.019627E+2 117
3.058844E+2 107
3.098060E+2 109
3.137277E+2 135
3.176493E+2 125
3.215710E+2 87
3.254926E+2 93
3.294143E+2 97
3.333360E+2 93
3.372576E+2 93
3.411793E+2 72
3.451009E+2 79
3.490226E+2 72
3.529442E+2 62
3.568659E+2 67
3.607875E+2 64
3.647092E+2 48
3.686308E+2 51
3.725525E+2 86
3.764741E+2 47
3.803958E+2 49
3.843175E+2 51
3.882391E+2 53
3.921608E+2 40
3.960824E+2 42
4.000041E+2 39
4.039257E+2 27
4.078474E+2 45
4.117690E+2 33
4.156907E+2 35
4.196123E+2 35
4.235340E+2 33
4.274557E+2 32
4.313773E+2 27
4.352990E+2 27
4.392206E+2 24
4.431423E+2 20
4.470639E+2 38
4.509856E+2 21
4.549072E+2 27
4.588289E+2 23
4.627505E+2 24
4.666722E+2 24
4.705939E+2 17
4.745155E+2 27
4.784372E+2 25
4.823588E+2 17
4.862805E+2 23
4.902021E+2 15
4.941238E+2 14
4.980454E+2 18
5.019671E+2 18
5.058887E+2 18
5.098104E+2 10
5.137321E+2 18
5.176537E+2 12
5.215754E+2 13
5.254970E+2 13
5.294187E+2 15
5.333403E+2 13
5.372620E+2 18
5.411836E+2 8
5.451053E+2 13
5.490269E+2 9
5.529486E+2 13
5.568702E+2 11
5.607919E+2 15
5.647136E+2 6
5.686352E+2 11
5.725569E+2 7
5.764785E+2 5
5.804002E+2 5
5.843218E+2 7
5.882435E+2 8
5.921651E+2 11
5.960868E+2 9
6.000084E+2 4
6.039301E+2 7
6.078518E+2 7
6.117734E+2 8
6.156951E+2 5
6.196167E+2 5
6.235384E+2 6
6.274600E+2 2
6.313817E+2 4
6.353033E+2 9
6.392250E+2 6
6.431466E+2 7
6.470683E+2 5
6.509900E+2 3
6.549116E+2 2
6.588333E+2 2
6.627549E+2 5
6.666766E+2 7
6.705982E+2 6
6.745199E+2 4
6.784415E+2 3
6.823632E+2 5
6.862848E+2 4
6.902065E+2 6
6.941281E+2 1
6.980498E+2 4
7.019715E+2 4
7.058931E+2 2
7.098148E+2 5
7.137364E+2 3
7.176581E+2 6
7.215797E+2 5
7.255014E+2 2
7.294230E+2 1
7.333447E+2 1
7.372663E+2 2
7.411880E+2 1
7.451097E+2 3
7.490313E+2 4
7.529530E+2 4
7.568746E+2 2
7.607963E+2 2
7.647179E+2 1
7.686396E+2 7
7.725612E+2 4
7.764829E+2 1
7.804045E+2 2
7.843262E+2 3
7.882479E+2 3
7.921695E+2 0
7.960912E+2 1
8.000128E+2 2
8.039345E+2 2
8.078561E+2 1
8.117778E+2 1
8.156994E+2 1
8.196211E+2 2
8.235427E+2 3
8.274644E+2 2
8.313861E+2 0
8.353077E+2 1
8.392294E+2 1
8.431510E+2 2
8.470727E+2 0
8.509943E+2 1
8.549160E+2 3
8.588376E+2 1
8.627593E+2 1
8.666809E+2 0
8.706026E+2 0
8.745242E+2 0
8.784459E+2 2
8.823676E+2 3
8.862892E+2 1
8.902109E+2 1
8.941325E+2 1
8.980542E+2 1
9.019758E+2 60