700.000000	 -0.075108
700.020000	 -0.047474
700.040000	 -0.048132
700.060000	 -0.047145
700.080000	 -0.047803
700.100000	 -0.047145
700.120000	 -0.047145
700.140000	 -0.046487
700.160000	 -0.047145
700.180000	 -0.046487
700.200000	 -0.046816
700.220000	 -0.045171
700.240000	 -0.046158
700.260000	 -0.047474
700.280000	 -0.050764
700.300000	 -0.043527
700.320000	 -0.042540
700.340000	 -0.047474
700.360000	 -0.049777
700.380000	 -0.048461
700.400000	 -0.052080
700.420000	 -0.047474
700.440000	 -0.048790
700.460000	 -0.046487
700.480000	 -0.045500
700.500000	 -0.046816
700.520000	 -0.045171
700.540000	 -0.058331
700.560000	 -0.058989
700.580000	 -0.060633
700.600000	 -0.044184
700.620000	 -0.047474
700.640000	 -0.045829
700.660000	 -0.047145
700.680000	 -0.043855
700.700000	 -0.051093
700.720000	 -0.047474
700.740000	 -0.046487
700.760000	 -0.046487
700.780000	 -0.041553
700.800000	 -0.046158
700.820000	 -0.054054
700.840000	 -0.048790
700.860000	 -0.048790
700.880000	 -0.045829
700.900000	 -0.048790
700.920000	 -0.045171
700.940000	 -0.045829
700.960000	 -0.051422
700.980000	 -0.050435
701.000000	 -0.048790
701.020000	 -0.046158
701.040000	 -0.047803
701.060000	 -0.044184
701.080000	 -0.053396
701.100000	 -0.049448
701.120000	 -0.046816
701.140000	 -0.047145
701.160000	 -0.049119
701.180000	 -0.049119
701.200000	 -0.049777
701.220000	 -0.050435
701.240000	 -0.045829
701.260000	 -0.049119
701.280000	 -0.047474
701.300000	 -0.061291
701.320000	 -0.068858
701.340000	 -0.048132
701.360000	 -0.048790
701.380000	 -0.043855
701.400000	 -0.043527
701.420000	 -0.046487
701.440000	 -0.057673
701.460000	 -0.047803
701.480000	 -0.046158
701.500000	 -0.046487
701.520000	 -0.044184
701.540000	 -0.048132
701.560000	 -0.047474
701.580000	 -0.047145
701.600000	 -0.044513
701.620000	 -0.046816
701.640000	 -0.050106
701.660000	 -0.048790
701.680000	 -0.045500
701.700000	 -0.048132
701.720000	 -0.048790
701.740000	 -0.046816
701.760000	 -0.046487
701.780000	 -0.045171
701.800000	 -0.048132
701.820000	 -0.047145
701.840000	 -0.047474
701.860000	 -0.047145
701.880000	 -0.044184
701.900000	 -0.046487
701.920000	 -0.047474
701.940000	 -0.046816
701.960000	 -0.047474
701.980000	 -0.052080
702.000000	 -0.044842
702.020000	 -0.051422
702.040000	 -0.050106
702.060000	 -0.039908
702.080000	 -0.043855
702.100000	 -0.041224
702.120000	 -0.043527
702.140000	 -0.048790
702.160000	 -0.045829
702.180000	 -0.042869
702.200000	 -0.045829
702.220000	 -0.046487
702.240000	 -0.048461
702.260000	 -0.045500
702.280000	 -0.043527
702.300000	 -0.046487
702.320000	 -0.046487
702.340000	 -0.046487
702.360000	 -0.043855
702.380000	 -0.046158
702.400000	 -0.050764
702.420000	 -0.045829
702.440000	 -0.048132
702.460000	 -0.045829
702.480000	 -0.046816
702.500000	 -0.047145
702.520000	 -0.047474
702.540000	 -0.045500
702.560000	 -0.047803
702.580000	 -0.061949
702.600000	 -0.047474
702.620000	 -0.045829
702.640000	 -0.048132
702.660000	 -0.054712
702.680000	 -0.051751
702.700000	 -0.045829
702.720000	 -0.041553
702.740000	 -0.046816
702.760000	 -0.046158
702.780000	 -0.056028
702.800000	 -0.045171
702.820000	 -0.044513
702.840000	 -0.047145
702.860000	 -0.048132
702.880000	 -0.059646
702.900000	 -0.047474
702.920000	 -0.041553
702.940000	 -0.044513
702.960000	 -0.044513
702.980000	 -0.069187
703.000000	 -0.062936
703.020000	 -0.044842
703.040000	 -0.061291
703.060000	 -0.044184
703.080000	 -0.049119
703.100000	 -0.044842
703.120000	 -0.044513
703.140000	 -0.052409
703.160000	 -0.042869
703.180000	 -0.048132
703.200000	 -0.047803
703.220000	 -0.048461
703.240000	 -0.045171
703.260000	 -0.045829
703.280000	 -0.046816
703.300000	 -0.048461
703.320000	 -0.048790
703.340000	 -0.041553
703.360000	 -0.051422
703.380000	 -0.049119
703.400000	 -0.065239
703.420000	 -0.047803
703.440000	 -0.046487
703.460000	 -0.045171
703.480000	 -0.049448
703.500000	 -0.045829
703.520000	 -0.054054
703.540000	 -0.046816
703.560000	 -0.048132
703.580000	 -0.063265
703.600000	 -0.046487
703.620000	 -0.048132
703.640000	 -0.046487
703.660000	 -0.048132
703.680000	 -0.049119
703.700000	 -0.046816
703.720000	 -0.038921
703.740000	 -0.047803
703.760000	 -0.044842
703.780000	 -0.047145
703.800000	 -0.046158
703.820000	 -0.045171
703.840000	 -0.048790
703.860000	 -0.045500
703.880000	 -0.056028
703.900000	 -0.048461
703.920000	 -0.044842
703.940000	 -0.033986
703.960000	 -0.046487
703.980000	 -0.046816
704.000000	 -0.037276
704.020000	 -0.046816
704.040000	 -0.046816
704.060000	 -0.049119
704.080000	 -0.044513
704.100000	 -0.045171
704.120000	 -0.046816
704.140000	 -0.042869
704.160000	 -0.046158
704.180000	 -0.044513
704.200000	 -0.046158
704.220000	 -0.047474
704.240000	 -0.045500
704.260000	 -0.044842
704.280000	 -0.047145
704.300000	 -0.047803
704.320000	 -0.043527
704.340000	 -0.046158
704.360000	 -0.050106
704.380000	 -0.044842
704.400000	 -0.050764
704.420000	 -0.047803
704.440000	 -0.047474
704.460000	 -0.046487
704.480000	 -0.046816
704.500000	 -0.046816
704.520000	 -0.049448
704.540000	 -0.045500
704.560000	 -0.048132
704.580000	 -0.045829
704.600000	 -0.047145
704.620000	 -0.046816
704.640000	 -0.046158
704.660000	 -0.049119
704.680000	 -0.045500
704.700000	 -0.047145
704.720000	 -0.044842
704.740000	 -0.043527
704.760000	 -0.059975
704.780000	 -0.047803
704.800000	 -0.052080
704.820000	 -0.043855
704.840000	 -0.046487
704.860000	 -0.044513
704.880000	 -0.042869
704.900000	 -0.047474
704.920000	 -0.046487
704.940000	 -0.048132
704.960000	 -0.045829
704.980000	 -0.045829
705.000000	 -0.048132
705.020000	 -0.046487
705.040000	 -0.059317
705.060000	 -0.061620
705.080000	 -0.049777
705.100000	 -0.046816
705.120000	 -0.045829
705.140000	 -0.048790
705.160000	 -0.045829
705.180000	 -0.047474
705.200000	 -0.047145
705.220000	 -0.048790
705.240000	 -0.045171
705.260000	 -0.045171
705.280000	 -0.045829
705.300000	 -0.050764
705.320000	 -0.048461
705.340000	 -0.045171
705.360000	 -0.048790
705.380000	 -0.044513
705.400000	 -0.045171
705.420000	 -0.046487
705.440000	 -0.044513
705.460000	 -0.046816
705.480000	 -0.058002
705.500000	 -0.044842
705.520000	 -0.043198
705.540000	 -0.045829
705.560000	 -0.047474
705.580000	 -0.046816
705.600000	 -0.048132
705.620000	 -0.047145
705.640000	 -0.054383
705.660000	 -0.048132
705.680000	 -0.045500
705.700000	 -0.043527
705.720000	 -0.045829
705.740000	 -0.045829
705.760000	 -0.045829
705.780000	 -0.043855
705.800000	 -0.044513
705.820000	 -0.046487
705.840000	 -0.046158
705.860000	 -0.047803
705.880000	 -0.045829
705.900000	 -0.044842
705.920000	 -0.049777
705.940000	 -0.052080
705.960000	 -0.049448
705.980000	 -0.046816
706.000000	 -0.045829
706.020000	 -0.048790
706.040000	 -0.051751
706.060000	 -0.048461
706.080000	 -0.045500
706.100000	 -0.046816
706.120000	 -0.047474
706.140000	 -0.045500
706.160000	 -0.046816
706.180000	 -0.044842
706.200000	 -0.047474
706.220000	 -0.037605
706.240000	 -0.048790
706.260000	 -0.048790
706.280000	 -0.051751
706.300000	 -0.044842
706.320000	 -0.047803
706.340000	 -0.052080
706.360000	 -0.052738
706.380000	 -0.046816
706.400000	 -0.047474
706.420000	 -0.064252
706.440000	 -0.048790
706.460000	 -0.044842
706.480000	 -0.046816
706.500000	 -0.047474
706.520000	 -0.045829
706.540000	 -0.044842
706.560000	 -0.047803
706.580000	 -0.054054
706.600000	 -0.046816
706.620000	 -0.046816
706.640000	 -0.047474
706.660000	 -0.047474
706.680000	 -0.046158
706.700000	 -0.046487
706.720000	 -0.047145
706.740000	 -0.045500
706.760000	 -0.047145
706.780000	 -0.048132
706.800000	 -0.045829
706.820000	 -0.047803
706.840000	 -0.051093
706.860000	 -0.048461
706.880000	 -0.047145
706.900000	 -0.045829
706.920000	 -0.043527
706.940000	 -0.045829
706.960000	 -0.044184
706.980000	 -0.044842
707.000000	 -0.047145
707.020000	 -0.045829
707.040000	 -0.046487
707.060000	 -0.046487
707.080000	 -0.046487
707.100000	 -0.051751
707.120000	 -0.047145
707.140000	 -0.046487
707.160000	 -0.047803
707.180000	 -0.045171
707.200000	 -0.061949
707.220000	 -0.043198
707.240000	 -0.046158
707.260000	 -0.050106
707.280000	 -0.048461
707.300000	 -0.048461
707.320000	 -0.045171
707.340000	 -0.047145
707.360000	 -0.047145
707.380000	 -0.049777
707.400000	 -0.047145
707.420000	 -0.050764
707.440000	 -0.057673
707.460000	 -0.050435
707.480000	 -0.051093
707.500000	 -0.048790
707.520000	 -0.057344
707.540000	 -0.046816
707.560000	 -0.046816
707.580000	 -0.047474
707.600000	 -0.047474
707.620000	 -0.045171
707.640000	 -0.043527
707.660000	 -0.041553
707.680000	 -0.043527
707.700000	 -0.056357
707.720000	 -0.048132
707.740000	 -0.046158
707.760000	 -0.047145
707.780000	 -0.050764
707.800000	 -0.053725
707.820000	 -0.052080
707.840000	 -0.049119
707.860000	 -0.051093
707.880000	 -0.044842
707.900000	 -0.046158
707.920000	 -0.047803
707.940000	 -0.046158
707.960000	 -0.040895
707.980000	 -0.049119
708.000000	 -0.047474
708.020000	 -0.046816
708.040000	 -0.053067
708.060000	 -0.047803
708.080000	 -0.045500
708.100000	 -0.046487
708.120000	 -0.047803
708.140000	 -0.047803
708.160000	 -0.047803
708.180000	 -0.047803
708.200000	 -0.062278
708.220000	 -0.049448
708.240000	 -0.046816
708.260000	 -0.046487
708.280000	 -0.048132
708.300000	 -0.048132
708.320000	 -0.045829
708.340000	 -0.045500
708.360000	 -0.048461
708.380000	 -0.045829
708.400000	 -0.056028
708.420000	 -0.056028
708.440000	 -0.044513
708.460000	 -0.049448
708.480000	 -0.047474
708.500000	 -0.049119
708.520000	 -0.046816
708.540000	 -0.056357
708.560000	 -0.055041
708.580000	 -0.048461
708.600000	 -0.047145
708.620000	 -0.048132
708.640000	 -0.050764
708.660000	 -0.045829
708.680000	 -0.044513
708.700000	 -0.050106
708.720000	 -0.044513
708.740000	 -0.061291
708.760000	 -0.045171
708.780000	 -0.044184
708.800000	 -0.046487
708.820000	 -0.044513
708.840000	 -0.045829
708.860000	 -0.044842
708.880000	 -0.045171
708.900000	 -0.046487
708.920000	 -0.045171
708.940000	 -0.045829
708.960000	 -0.047474
708.980000	 -0.045171
709.000000	 -0.045829
709.020000	 -0.050764
709.040000	 -0.053067
709.060000	 -0.046816
709.080000	 -0.045500
709.100000	 -0.043855
709.120000	 -0.052409
709.140000	 -0.045171
709.160000	 -0.045171
709.180000	 -0.045829
709.200000	 -0.045171
709.220000	 -0.044513
709.240000	 -0.046816
709.260000	 -0.043198
709.280000	 -0.044513
709.300000	 -0.044842
709.320000	 -0.046487
709.340000	 -0.046487
709.360000	 -0.044184
709.380000	 -0.058989
709.400000	 -0.042869
709.420000	 -0.049119
709.440000	 -0.046816
709.460000	 -0.043198
709.480000	 -0.052080
709.500000	 -0.045500
709.520000	 -0.065897
709.540000	 -0.056357
709.560000	 -0.048461
709.580000	 -0.046816
709.600000	 -0.047145
709.620000	 -0.041882
709.640000	 -0.044842
709.660000	 -0.048461
709.680000	 -0.043855
709.700000	 -0.046487
709.720000	 -0.044842
709.740000	 -0.044842
709.760000	 -0.049119
709.780000	 -0.049448
709.800000	 -0.048461
709.820000	 -0.045829
709.840000	 -0.051093
709.860000	 -0.044842
709.880000	 -0.044513
709.900000	 -0.046158
709.920000	 -0.045829
709.940000	 -0.055699
709.960000	 -0.049119
709.980000	 -0.049448
710.000000	 -0.045500
710.020000	 -0.046816
710.040000	 -0.044184
710.060000	 -0.046158
710.080000	 -0.045829
710.100000	 -0.045171
710.120000	 -0.045829
710.140000	 -0.046816
710.160000	 -0.046816
710.180000	 -0.046158
710.200000	 -0.046158
710.220000	 -0.050435
710.240000	 -0.040566
710.260000	 -0.048461
710.280000	 -0.040566
710.300000	 -0.056028
710.320000	 -0.046816
710.340000	 -0.046158
710.360000	 -0.042540
710.380000	 -0.056028
710.400000	 -0.045500
710.420000	 -0.053396
710.440000	 -0.046816
710.460000	 -0.034315
710.480000	 -0.055041
710.500000	 -0.044513
710.520000	 -0.056357
710.540000	 -0.047474
710.560000	 -0.046487
710.580000	 -0.057344
710.600000	 -0.043855
710.620000	 -0.044513
710.640000	 -0.046158
710.660000	 -0.045829
710.680000	 -0.045171
710.700000	 -0.044184
710.720000	 -0.046816
710.740000	 -0.055370
710.760000	 -0.046158
710.780000	 -0.044184
710.800000	 -0.042540
710.820000	 -0.046158
710.840000	 -0.055370
710.860000	 -0.043527
710.880000	 -0.047145
710.900000	 -0.046487
710.920000	 -0.044513
710.940000	 -0.045829
710.960000	 -0.046487
710.980000	 -0.035960
711.000000	 -0.047803
711.020000	 -0.046816
711.040000	 -0.045829
711.060000	 -0.043855
711.080000	 -0.049448
711.100000	 -0.051751
711.120000	 -0.045829
711.140000	 -0.046816
711.160000	 -0.043198
711.180000	 -0.045171
711.200000	 -0.046158
711.220000	 -0.043198
711.240000	 -0.048790
711.260000	 -0.046487
711.280000	 -0.059317
711.300000	 -0.043527
711.320000	 -0.046158
711.340000	 -0.047474
711.360000	 -0.046158
711.380000	 -0.044842
711.400000	 -0.048132
711.420000	 -0.046816
711.440000	 -0.043855
711.460000	 -0.048132
711.480000	 -0.045829
711.500000	 -0.048790
711.520000	 -0.047145
711.540000	 -0.058331
711.560000	 -0.045171
711.580000	 -0.047145
711.600000	 -0.067213
711.620000	 -0.045171
711.640000	 -0.045829
711.660000	 -0.043198
711.680000	 -0.041882
711.700000	 -0.043527
711.720000	 -0.045171
711.740000	 -0.046816
711.760000	 -0.042540
711.780000	 -0.045829
711.800000	 -0.044842
711.820000	 -0.046158
711.840000	 -0.041553
711.860000	 -0.042211
711.880000	 -0.047474
711.900000	 -0.045829
711.920000	 -0.044842
711.940000	 -0.048790
711.960000	 -0.045171
711.980000	 -0.044513
712.000000	 -0.046816
712.020000	 -0.047803
712.040000	 -0.047803
712.060000	 -0.043527
712.080000	 -0.047145
712.100000	 -0.047474
712.120000	 -0.044842
712.140000	 -0.044513
712.160000	 -0.046158
712.180000	 -0.046816
712.200000	 -0.053067
712.220000	 -0.042211
712.240000	 -0.047803
712.260000	 -0.046816
712.280000	 -0.047803
712.300000	 -0.047803
712.320000	 -0.047145
712.340000	 -0.044513
712.360000	 -0.044842
712.380000	 -0.043527
712.400000	 -0.046816
712.420000	 -0.048461
712.440000	 -0.044842
712.460000	 -0.044513
712.480000	 -0.047474
712.500000	 -0.058989
712.520000	 -0.048461
712.540000	 -0.044513
712.560000	 -0.047803
712.580000	 -0.052080
712.600000	 -0.050764
712.620000	 -0.046487
712.640000	 -0.048132
712.660000	 -0.040237
712.680000	 -0.045500
712.700000	 -0.045171
712.720000	 -0.068858
712.740000	 -0.048790
712.760000	 -0.047474
712.780000	 -0.051422
712.800000	 -0.047145
712.820000	 -0.043855
712.840000	 -0.044513
712.860000	 -0.048132
712.880000	 -0.039908
712.900000	 -0.046487
712.920000	 -0.050106
712.940000	 -0.046487
712.960000	 -0.054712
712.980000	 -0.042869
713.000000	 -0.045500
713.020000	 -0.045829
713.040000	 -0.046158
713.060000	 -0.056028
713.080000	 -0.045500
713.100000	 -0.041882
713.120000	 -0.045500
713.140000	 -0.060304
713.160000	 -0.048790
713.180000	 -0.041224
713.200000	 -0.058331
713.220000	 -0.043198
713.240000	 -0.044842
713.260000	 -0.043527
713.280000	 -0.042869
713.300000	 -0.044513
713.320000	 -0.046487
713.340000	 -0.044184
713.360000	 -0.042869
713.380000	 -0.045829
713.400000	 -0.046816
713.420000	 -0.045829
713.440000	 -0.042869
713.460000	 -0.061949
713.480000	 -0.043198
713.500000	 -0.054383
713.520000	 -0.046487
713.540000	 -0.042540
713.560000	 -0.044184
713.580000	 -0.044184
713.600000	 -0.044184
713.620000	 -0.044513
713.640000	 -0.045829
713.660000	 -0.046158
713.680000	 -0.046816
713.700000	 -0.047145
713.720000	 -0.052080
713.740000	 -0.046816
713.760000	 -0.047145
713.780000	 -0.043855
713.800000	 -0.047145
713.820000	 -0.045829
713.840000	 -0.045171
713.860000	 -0.045829
713.880000	 -0.045829
713.900000	 -0.048461
713.920000	 -0.056357
713.940000	 -0.060304
713.960000	 -0.058331
713.980000	 -0.046816
714.000000	 -0.044184
714.020000	 -0.042869
714.040000	 -0.046158
714.060000	 -0.047145
714.080000	 -0.042211
714.100000	 -0.044184
714.120000	 -0.044513
714.140000	 -0.050106
714.160000	 -0.040237
714.180000	 -0.045829
714.200000	 -0.044184
714.220000	 -0.044184
714.240000	 -0.041882
714.260000	 -0.045171
714.280000	 -0.042869
714.300000	 -0.047145
714.320000	 -0.045171
714.340000	 -0.045829
714.360000	 -0.045500
714.380000	 -0.046158
714.400000	 -0.043198
714.420000	 -0.044842
714.440000	 -0.045829
714.460000	 -0.046158
714.480000	 -0.046816
714.500000	 -0.043855
714.520000	 -0.044513
714.540000	 -0.043198
714.560000	 -0.047474
714.580000	 -0.034315
714.600000	 -0.045171
714.620000	 -0.045829
714.640000	 -0.049777
714.660000	 -0.044513
714.680000	 -0.043527
714.700000	 -0.042211
714.720000	 -0.045171
714.740000	 -0.068200
714.760000	 -0.051093
714.780000	 -0.046487
714.800000	 -0.042869
714.820000	 -0.046487
714.840000	 -0.046816
714.860000	 -0.045500
714.880000	 -0.045829
714.900000	 -0.047145
714.920000	 -0.048790
714.940000	 -0.043198
714.960000	 -0.067871
714.980000	 -0.046816
715.000000	 -0.045171
715.020000	 -0.059975
715.040000	 -0.042540
715.060000	 -0.042540
715.080000	 -0.046487
715.100000	 -0.045171
715.120000	 -0.047803
715.140000	 -0.045171
715.160000	 -0.043855
715.180000	 -0.047474
715.200000	 -0.045500
715.220000	 -0.045500
715.240000	 -0.047474
715.260000	 -0.047803
715.280000	 -0.044513
715.300000	 -0.043855
715.320000	 -0.044842
715.340000	 -0.045500
715.360000	 -0.060304
715.380000	 -0.044842
715.400000	 -0.046487
715.420000	 -0.043198
715.440000	 -0.043198
715.460000	 -0.045171
715.480000	 -0.053725
715.500000	 -0.043198
715.520000	 -0.047803
715.540000	 -0.046487
715.560000	 -0.044513
715.580000	 -0.043527
715.600000	 -0.043527
715.620000	 -0.044513
715.640000	 -0.042869
715.660000	 -0.044842
715.680000	 -0.044842
715.700000	 -0.048461
715.720000	 -0.043198
715.740000	 -0.046158
715.760000	 -0.043198
715.780000	 -0.046158
715.800000	 -0.047145
715.820000	 -0.047474
715.840000	 -0.044184
715.860000	 -0.046158
715.880000	 -0.045829
715.900000	 -0.045829
715.920000	 -0.043198
715.940000	 -0.043855
715.960000	 -0.045829
715.980000	 -0.046816
716.000000	 -0.042540
716.020000	 -0.045829
716.040000	 -0.044184
716.060000	 -0.044184
716.080000	 -0.045171
716.100000	 -0.045500
716.120000	 -0.046816
716.140000	 -0.043527
716.160000	 -0.047145
716.180000	 -0.043198
716.200000	 -0.044184
716.220000	 -0.043855
716.240000	 -0.047803
716.260000	 -0.042211
716.280000	 -0.046816
716.300000	 -0.044513
716.320000	 -0.044842
716.340000	 -0.041882
716.360000	 -0.045829
716.380000	 -0.047145
716.400000	 -0.047474
716.420000	 -0.043198
716.440000	 -0.047145
716.460000	 -0.046158
716.480000	 -0.047145
716.500000	 -0.043855
716.520000	 -0.043198
716.540000	 -0.045500
716.560000	 -0.045829
716.580000	 -0.043855
716.600000	 -0.046816
716.620000	 -0.044513
716.640000	 -0.045171
716.660000	 -0.047474
716.680000	 -0.043198
716.700000	 -0.044842
716.720000	 -0.039250
716.740000	 -0.043527
716.760000	 -0.045171
716.780000	 -0.043855
716.800000	 -0.045829
716.820000	 -0.053067
716.840000	 -0.043855
716.860000	 -0.047474
716.880000	 -0.040895
716.900000	 -0.044513
716.920000	 -0.043198
716.940000	 -0.041882
716.960000	 -0.065568
716.980000	 -0.046487
717.000000	 -0.044184
717.020000	 -0.046158
717.040000	 -0.045829
717.060000	 -0.047145
717.080000	 -0.046158
717.100000	 -0.041553
717.120000	 -0.041224
717.140000	 -0.045500
717.160000	 -0.043855
717.180000	 -0.044184
717.200000	 -0.045500
717.220000	 -0.042211
717.240000	 -0.044184
717.260000	 -0.044184
717.280000	 -0.044184
717.300000	 -0.043198
717.320000	 -0.041882
717.340000	 -0.044184
717.360000	 -0.040895
717.380000	 -0.040895
717.400000	 -0.048132
717.420000	 -0.045171
717.440000	 -0.043855
717.460000	 -0.043855
717.480000	 -0.042869
717.500000	 -0.033657
717.520000	 -0.044842
717.540000	 -0.044842
717.560000	 -0.043198
717.580000	 -0.043855
717.600000	 -0.041553
717.620000	 -0.043198
717.640000	 -0.041224
717.660000	 -0.033328
717.680000	 -0.044842
717.700000	 -0.042540
717.720000	 -0.043198
717.740000	 -0.044513
717.760000	 -0.046158
717.780000	 -0.043855
717.800000	 -0.043198
717.820000	 -0.045500
717.840000	 -0.041553
717.860000	 -0.047145
717.880000	 -0.044513
717.900000	 -0.044513
717.920000	 -0.045500
717.940000	 -0.042211
717.960000	 -0.049777
717.980000	 -0.044184
718.000000	 -0.047474
718.020000	 -0.049119
718.040000	 -0.044513
718.060000	 -0.042211
718.080000	 -0.044513
718.100000	 -0.045500
718.120000	 -0.046487
718.140000	 -0.047474
718.160000	 -0.045171
718.180000	 -0.044184
718.200000	 -0.045171
718.220000	 -0.045829
718.240000	 -0.043527
718.260000	 -0.045500
718.280000	 -0.044842
718.300000	 -0.048461
718.320000	 -0.045829
718.340000	 -0.053725
718.360000	 -0.041882
718.380000	 -0.045829
718.400000	 -0.047803
718.420000	 -0.048461
718.440000	 -0.036289
718.460000	 -0.046487
718.480000	 -0.047474
718.500000	 -0.045171
718.520000	 -0.045171
718.540000	 -0.045500
718.560000	 -0.049448
718.580000	 -0.044513
718.600000	 -0.046487
718.620000	 -0.050764
718.640000	 -0.046158
718.660000	 -0.045829
718.680000	 -0.051422
718.700000	 -0.043198
718.720000	 -0.044842
718.740000	 -0.047474
718.760000	 -0.046487
718.780000	 -0.045829
718.800000	 -0.047145
718.820000	 -0.046816
718.840000	 -0.046816
718.860000	 -0.040237
718.880000	 -0.046487
718.900000	 -0.047803
718.920000	 -0.046487
718.940000	 -0.048461
718.960000	 -0.048790
718.980000	 -0.046487
719.000000	 -0.047803
719.020000	 -0.046158
719.040000	 -0.047803
719.060000	 -0.046487
719.080000	 -0.044842
719.100000	 -0.044842
719.120000	 -0.045829
719.140000	 -0.046158
719.160000	 -0.048790
719.180000	 -0.046487
719.200000	 -0.051422
719.220000	 -0.050106
719.240000	 -0.046487
719.260000	 -0.044513
719.280000	 -0.051093
719.300000	 -0.047474
719.320000	 -0.043527
719.340000	 -0.046158
719.360000	 -0.052080
719.380000	 -0.048132
719.400000	 -0.045829
719.420000	 -0.047474
719.440000	 -0.047803
719.460000	 -0.046158
719.480000	 -0.047803
719.500000	 -0.044842
719.520000	 -0.050435
719.540000	 -0.050435
719.560000	 -0.047145
719.580000	 -0.050764
719.600000	 -0.049119
719.620000	 -0.049119
719.640000	 -0.048461
719.660000	 -0.049119
719.680000	 -0.048790
719.700000	 -0.046158
719.720000	 -0.043527
719.740000	 -0.043527
719.760000	 -0.044184
719.780000	 -0.046158
719.800000	 -0.045500
719.820000	 -0.049448
719.840000	 -0.046816
719.860000	 -0.038921
719.880000	 -0.046487
719.900000	 -0.047474
719.920000	 -0.044842
719.940000	 -0.048461
719.960000	 -0.047145
719.980000	 -0.048132
720.000000	 -0.050106
720.020000	 -0.046487
720.040000	 -0.048790
720.060000	 -0.049777
720.080000	 -0.045500
720.100000	 -0.049119
720.120000	 -0.048461
720.140000	 -0.046158
720.160000	 -0.049777
720.180000	 -0.046158
720.200000	 -0.058002
720.220000	 -0.048461
720.240000	 -0.050764
720.260000	 -0.049777
720.280000	 -0.048790
720.300000	 -0.049119
720.320000	 -0.054383
720.340000	 -0.058331
720.360000	 -0.051751
720.380000	 -0.053396
720.400000	 -0.050106
720.420000	 -0.048132
720.440000	 -0.049448
720.460000	 -0.046816
720.480000	 -0.048132
720.500000	 -0.045171
720.520000	 -0.048461
720.540000	 -0.045500
720.560000	 -0.043198
720.580000	 -0.047803
720.600000	 -0.047474
720.620000	 -0.047145
720.640000	 -0.049777
720.660000	 -0.049448
720.680000	 -0.047474
720.700000	 -0.049119
720.720000	 -0.049119
720.740000	 -0.044184
720.760000	 -0.047145
720.780000	 -0.048790
720.800000	 -0.046158
720.820000	 -0.060962
720.840000	 -0.061620
720.860000	 -0.048790
720.880000	 -0.046487
720.900000	 -0.047803
720.920000	 -0.049777
720.940000	 -0.048461
720.960000	 -0.047145
720.980000	 -0.044513
721.000000	 -0.047803
721.020000	 -0.047145
721.040000	 -0.049448
721.060000	 -0.050764
721.080000	 -0.052738
721.100000	 -0.050764
721.120000	 -0.047474
721.140000	 -0.047145
721.160000	 -0.049119
721.180000	 -0.058989
721.200000	 -0.050435
721.220000	 -0.049119
721.240000	 -0.044842
721.260000	 -0.046816
721.280000	 -0.048461
721.300000	 -0.047803
721.320000	 -0.048790
721.340000	 -0.063594
721.360000	 -0.047474
721.380000	 -0.046158
721.400000	 -0.045500
721.420000	 -0.045500
721.440000	 -0.048790
721.460000	 -0.049448
721.480000	 -0.044842
721.500000	 -0.051751
721.520000	 -0.051751
721.540000	 -0.044842
721.560000	 -0.046158
721.580000	 -0.046487
721.600000	 -0.053067
721.620000	 -0.047803
721.640000	 -0.045171
721.660000	 -0.046487
721.680000	 -0.044842
721.700000	 -0.045500
721.720000	 -0.049777
721.740000	 -0.047145
721.760000	 -0.048132
721.780000	 -0.046816
721.800000	 -0.044842
721.820000	 -0.047474
721.840000	 -0.058002
721.860000	 -0.046816
721.880000	 -0.049119
721.900000	 -0.047145
721.920000	 -0.047145
721.940000	 -0.052738
721.960000	 -0.046487
721.980000	 -0.049448
722.000000	 -0.050764
722.020000	 -0.045500
722.040000	 -0.050106
722.060000	 -0.049119
722.080000	 -0.047145
722.100000	 -0.054383
722.120000	 -0.047474
722.140000	 -0.046158
722.160000	 -0.048461
722.180000	 -0.045829
722.200000	 -0.050764
722.220000	 -0.044184
722.240000	 -0.047145
722.260000	 -0.045829
722.280000	 -0.044513
722.300000	 -0.046487
722.320000	 -0.047803
722.340000	 -0.049119
722.360000	 -0.047145
722.380000	 -0.048132
722.400000	 -0.044842
722.420000	 -0.048132
722.440000	 -0.050106
722.460000	 -0.047474
722.480000	 -0.044184
722.500000	 -0.046816
722.520000	 -0.046487
722.540000	 -0.049119
722.560000	 -0.061291
722.580000	 -0.050435
722.600000	 -0.048132
722.620000	 -0.048790
722.640000	 -0.042211
722.660000	 -0.044842
722.680000	 -0.044842
722.700000	 -0.045829
722.720000	 -0.044842
722.740000	 -0.045171
722.760000	 -0.041882
722.780000	 -0.044184
722.800000	 -0.045500
722.820000	 -0.047803
722.840000	 -0.044513
722.860000	 -0.048461
722.880000	 -0.048461
722.900000	 -0.046158
722.920000	 -0.047145
722.940000	 -0.046158
722.960000	 -0.043527
722.980000	 -0.055699
723.000000	 -0.044842
723.020000	 -0.049448
723.040000	 -0.046158
723.060000	 -0.055370
723.080000	 -0.045171
723.100000	 -0.047803
723.120000	 -0.043855
723.140000	 -0.048461
723.160000	 -0.047474
723.180000	 -0.047474
723.200000	 -0.063594
723.220000	 -0.045829
723.240000	 -0.048790
723.260000	 -0.049448
723.280000	 -0.045829
723.300000	 -0.046158
723.320000	 -0.069187
723.340000	 -0.047803
723.360000	 -0.047474
723.380000	 -0.047803
723.400000	 -0.047145
723.420000	 -0.047474
723.440000	 -0.048461
723.460000	 -0.046816
723.480000	 -0.047803
723.500000	 -0.061291
723.520000	 -0.047474
723.540000	 -0.046816
723.560000	 -0.050435
723.580000	 -0.062607
723.600000	 -0.048790
723.620000	 -0.045500
723.640000	 -0.049119
723.660000	 -0.048790
723.680000	 -0.053067
723.700000	 -0.053067
723.720000	 -0.047474
723.740000	 -0.047803
723.760000	 -0.046487
723.780000	 -0.049119
723.800000	 -0.052409
723.820000	 -0.050106
723.840000	 -0.047474
723.860000	 -0.049119
723.880000	 -0.047474
723.900000	 -0.047474
723.920000	 -0.047803
723.940000	 -0.048461
723.960000	 -0.052738
723.980000	 -0.050106
724.000000	 -0.045829
724.020000	 -0.067542
724.040000	 -0.046487
724.060000	 -0.061949
724.080000	 -0.046158
724.100000	 -0.045171
724.120000	 -0.050435
724.140000	 -0.047803
724.160000	 -0.047145
724.180000	 -0.047803
724.200000	 -0.061620
724.220000	 -0.047803
724.240000	 -0.047474
724.260000	 -0.048790
724.280000	 -0.047474
724.300000	 -0.049777
724.320000	 -0.046487
724.340000	 -0.048790
724.360000	 -0.049119
724.380000	 -0.049448
724.400000	 -0.047474
724.420000	 -0.049777
724.440000	 -0.061949
724.460000	 -0.046487
724.480000	 -0.043855
724.500000	 -0.050435
724.520000	 -0.047145
724.540000	 -0.048132
724.560000	 -0.066884
724.580000	 -0.045500
724.600000	 -0.050435
724.620000	 -0.047474
724.640000	 -0.047803
724.660000	 -0.048790
724.680000	 -0.046816
724.700000	 -0.049448
724.720000	 -0.050435
724.740000	 -0.046816
724.760000	 -0.041553
724.780000	 -0.049119
724.800000	 -0.049777
724.820000	 -0.050764
724.840000	 -0.048132
724.860000	 -0.051751
724.880000	 -0.047474
724.900000	 -0.062936
724.920000	 -0.051422
724.940000	 -0.048132
724.960000	 -0.046487
724.980000	 -0.046816
725.000000	 -0.048461
725.020000	 -0.047145
725.040000	 -0.047803
725.060000	 -0.039250
725.080000	 -0.046816
725.100000	 -0.057015
725.120000	 -0.046158
725.140000	 -0.047474
725.160000	 -0.047474
725.180000	 -0.049777
725.200000	 -0.042540
725.220000	 -0.046158
725.240000	 -0.042869
725.260000	 -0.045500
725.280000	 -0.048132
725.300000	 -0.047803
725.320000	 -0.048132
725.340000	 -0.046816
725.360000	 -0.048461
725.380000	 -0.048790
725.400000	 -0.046816
725.420000	 -0.046487
725.440000	 -0.047474
725.460000	 -0.050764
725.480000	 -0.051751
725.500000	 -0.047145
725.520000	 -0.049777
725.540000	 -0.051751
725.560000	 -0.050106
725.580000	 -0.045829
725.600000	 -0.046158
725.620000	 -0.048790
725.640000	 -0.051751
725.660000	 -0.049119
725.680000	 -0.046487
725.700000	 -0.046816
725.720000	 -0.049119
725.740000	 -0.051093
725.760000	 -0.048461
725.780000	 -0.045829
725.800000	 -0.046487
725.820000	 -0.049777
725.840000	 -0.045500
725.860000	 -0.048132
725.880000	 -0.047145
725.900000	 -0.049777
725.920000	 -0.066226
725.940000	 -0.047803
725.960000	 -0.047474
725.980000	 -0.049119
726.000000	 -0.048461
726.020000	 -0.046487
726.040000	 -0.050435
726.060000	 -0.049448
726.080000	 -0.047145
726.100000	 -0.047145
726.120000	 -0.044842
726.140000	 -0.045829
726.160000	 -0.049777
726.180000	 -0.045829
726.200000	 -0.049448
726.220000	 -0.052409
726.240000	 -0.048132
726.260000	 -0.047145
726.280000	 -0.046158
726.300000	 -0.047803
726.320000	 -0.048790
726.340000	 -0.046816
726.360000	 -0.046158
726.380000	 -0.047145
726.400000	 -0.048132
726.420000	 -0.047145
726.440000	 -0.048132
726.460000	 -0.047145
726.480000	 -0.045171
726.500000	 -0.046487
726.520000	 -0.046487
726.540000	 -0.046816
726.560000	 -0.044842
726.580000	 -0.047803
726.600000	 -0.051093
726.620000	 -0.048461
726.640000	 -0.045171
726.660000	 -0.045171
726.680000	 -0.049448
726.700000	 -0.060633
726.720000	 -0.044184
726.740000	 -0.050764
726.760000	 -0.046487
726.780000	 -0.046487
726.800000	 -0.047474
726.820000	 -0.047145
726.840000	 -0.050106
726.860000	 -0.048132
726.880000	 -0.050435
726.900000	 -0.052080
726.920000	 -0.050435
726.940000	 -0.050435
726.960000	 -0.046487
726.980000	 -0.055370
727.000000	 -0.044184
727.020000	 -0.048790
727.040000	 -0.045829
727.060000	 -0.045171
727.080000	 -0.048132
727.100000	 -0.049119
727.120000	 -0.045829
727.140000	 -0.049777
727.160000	 -0.045500
727.180000	 -0.045829
727.200000	 -0.046487
727.220000	 -0.042211
727.240000	 -0.043527
727.260000	 -0.047145
727.280000	 -0.046487
727.300000	 -0.055041
727.320000	 -0.053725
727.340000	 -0.046158
727.360000	 -0.059317
727.380000	 -0.050106
727.400000	 -0.044513
727.420000	 -0.052080
727.440000	 -0.049119
727.460000	 -0.051093
727.480000	 -0.046158
727.500000	 -0.047474
727.520000	 -0.045171
727.540000	 -0.049119
727.560000	 -0.044842
727.580000	 -0.049448
727.600000	 -0.049777
727.620000	 -0.044842
727.640000	 -0.052080
727.660000	 -0.049777
727.680000	 -0.039579
727.700000	 -0.047803
727.720000	 -0.049448
727.740000	 -0.045829
727.760000	 -0.051751
727.780000	 -0.051093
727.800000	 -0.048132
727.820000	 -0.049119
727.840000	 -0.051751
727.860000	 -0.044842
727.880000	 -0.041224
727.900000	 -0.050106
727.920000	 -0.049119
727.940000	 -0.048790
727.960000	 -0.050435
727.980000	 -0.047803
728.000000	 -0.041224
728.020000	 -0.050106
728.040000	 -0.048790
728.060000	 -0.046158
728.080000	 -0.046816
728.100000	 -0.045171
728.120000	 -0.047474
728.140000	 -0.055041
728.160000	 -0.050435
728.180000	 -0.045829
728.200000	 -0.044513
728.220000	 -0.048461
728.240000	 -0.047803
728.260000	 -0.051093
728.280000	 -0.044842
728.300000	 -0.048132
728.320000	 -0.044184
728.340000	 -0.046487
728.360000	 -0.047474
728.380000	 -0.049448
728.400000	 -0.045500
728.420000	 -0.046487
728.440000	 -0.046816
728.460000	 -0.041882
728.480000	 -0.044842
728.500000	 -0.047474
728.520000	 -0.046158
728.540000	 -0.047803
728.560000	 -0.047474
728.580000	 -0.047145
728.600000	 -0.044184
728.620000	 -0.043527
728.640000	 -0.035631
728.660000	 -0.050764
728.680000	 -0.047145
728.700000	 -0.044184
728.720000	 -0.048132
728.740000	 -0.047145
728.760000	 -0.047803
728.780000	 -0.046158
728.800000	 -0.046487
728.820000	 -0.046487
728.840000	 -0.046158
728.860000	 -0.048132
728.880000	 -0.045829
728.900000	 -0.048132
728.920000	 -0.045829
728.940000	 -0.049119
728.960000	 -0.043198
728.980000	 -0.045500
729.000000	 -0.047803
729.020000	 -0.046487
729.040000	 -0.044184
729.060000	 -0.069516
729.080000	 -0.048790
729.100000	 -0.047474
729.120000	 -0.045171
729.140000	 -0.045500
729.160000	 -0.046158
729.180000	 -0.047474
729.200000	 -0.047145
729.220000	 -0.046487
729.240000	 -0.045171
729.260000	 -0.048461
729.280000	 -0.050106
729.300000	 -0.046158
729.320000	 -0.044842
729.340000	 -0.047803
729.360000	 -0.060633
729.380000	 -0.043855
729.400000	 -0.047145
729.420000	 -0.045500
729.440000	 -0.047803
729.460000	 -0.047474
729.480000	 -0.051093
729.500000	 -0.046816
729.520000	 -0.047474
729.540000	 -0.044184
729.560000	 -0.049777
729.580000	 -0.044842
729.600000	 -0.045829
729.620000	 -0.045500
729.640000	 -0.054054
729.660000	 -0.046487
729.680000	 -0.043527
729.700000	 -0.046816
729.720000	 -0.048790
729.740000	 -0.040895
729.760000	 -0.046158
729.780000	 -0.049777
729.800000	 -0.047803
729.820000	 -0.048461
729.840000	 -0.044513
729.860000	 -0.063923
729.880000	 -0.047474
729.900000	 -0.049448
729.920000	 -0.045829
729.940000	 -0.045829
729.960000	 -0.045829
729.980000	 -0.051093
730.000000	 -0.053396
730.020000	 -0.047145
730.040000	 -0.046487
730.060000	 -0.046487
730.080000	 -0.058989
730.100000	 -0.046158
730.120000	 -0.045829
730.140000	 -0.048461
730.160000	 -0.050435
730.180000	 -0.047145
730.200000	 -0.043527
730.220000	 -0.048132
730.240000	 -0.046487
730.260000	 -0.045829
730.280000	 -0.046816
730.300000	 -0.046158
730.320000	 -0.047145
730.340000	 -0.049119
730.360000	 -0.042869
730.380000	 -0.048790
730.400000	 -0.048461
730.420000	 -0.045500
730.440000	 -0.047803
730.460000	 -0.047145
730.480000	 -0.047145
730.500000	 -0.043527
730.520000	 -0.045829
730.540000	 -0.047474
730.560000	 -0.043198
730.580000	 -0.046158
730.600000	 -0.042869
730.620000	 -0.044842
730.640000	 -0.049448
730.660000	 -0.065568
730.680000	 -0.045500
730.700000	 -0.044842
730.720000	 -0.046158
730.740000	 -0.047803
730.760000	 -0.048790
730.780000	 -0.045500
730.800000	 -0.052409
730.820000	 -0.046158
730.840000	 -0.045171
730.860000	 -0.045500
730.880000	 -0.045829
730.900000	 -0.045500
730.920000	 -0.043527
730.940000	 -0.064581
730.960000	 -0.046487
730.980000	 -0.044513
731.000000	 -0.047803
731.020000	 -0.045829
731.040000	 -0.045500
731.060000	 -0.045829
731.080000	 -0.046487
731.100000	 -0.044184
731.120000	 -0.044842
731.140000	 -0.044842
731.160000	 -0.046816
731.180000	 -0.047145
731.200000	 -0.048132
731.220000	 -0.046487
731.240000	 -0.041882
731.260000	 -0.048461
731.280000	 -0.044513
731.300000	 -0.044184
731.320000	 -0.045171
731.340000	 -0.061291
731.360000	 -0.046158
731.380000	 -0.044513
731.400000	 -0.045171
731.420000	 -0.044184
731.440000	 -0.044842
731.460000	 -0.059317
731.480000	 -0.047803
731.500000	 -0.042211
731.520000	 -0.046816
731.540000	 -0.043198
731.560000	 -0.045171
731.580000	 -0.044513
731.600000	 -0.050106
731.620000	 -0.048132
731.640000	 -0.043527
731.660000	 -0.044842
731.680000	 -0.047145
731.700000	 -0.043855
731.720000	 -0.041882
731.740000	 -0.045500
731.760000	 -0.043855
731.780000	 -0.043855
731.800000	 -0.040566
731.820000	 -0.043527
731.840000	 -0.047145
731.860000	 -0.042869
731.880000	 -0.043527
731.900000	 -0.048790
731.920000	 -0.042211
731.940000	 -0.044184
731.960000	 -0.041882
731.980000	 -0.043855
732.000000	 -0.044842
732.020000	 -0.046816
732.040000	 -0.063265
732.060000	 -0.043198
732.080000	 -0.044842
732.100000	 -0.042540
732.120000	 -0.046487
732.140000	 -0.043855
732.160000	 -0.041224
732.180000	 -0.047145
732.200000	 -0.046487
732.220000	 -0.047145
732.240000	 -0.044513
732.260000	 -0.040566
732.280000	 -0.047145
732.300000	 -0.046816
732.320000	 -0.046816
732.340000	 -0.046158
732.360000	 -0.045171
732.380000	 -0.045829
732.400000	 -0.067871
732.420000	 -0.044184
732.440000	 -0.043855
732.460000	 -0.046816
732.480000	 -0.045171
732.500000	 -0.044842
732.520000	 -0.047474
732.540000	 -0.047145
732.560000	 -0.048790
732.580000	 -0.047145
732.600000	 -0.046816
732.620000	 -0.046158
732.640000	 -0.046158
732.660000	 -0.045829
732.680000	 -0.044842
732.700000	 -0.043855
732.720000	 -0.046816
732.740000	 -0.047474
732.760000	 -0.048790
732.780000	 -0.049777
732.800000	 -0.046816
732.820000	 -0.048132
732.840000	 -0.045171
732.860000	 -0.045171
732.880000	 -0.044513
732.900000	 -0.045829
732.920000	 -0.047145
732.940000	 -0.043855
732.960000	 -0.044842
732.980000	 -0.049777
733.000000	 -0.049448
733.020000	 -0.043527
733.040000	 -0.054712
733.060000	 -0.043527
733.080000	 -0.061949
733.100000	 -0.048461
733.120000	 -0.054383
733.140000	 -0.044513
733.160000	 -0.046487
733.180000	 -0.048461
733.200000	 -0.047145
733.220000	 -0.046487
733.240000	 -0.048461
733.260000	 -0.045500
733.280000	 -0.048461
733.300000	 -0.062278
733.320000	 -0.046816
733.340000	 -0.051422
733.360000	 -0.045171
733.380000	 -0.049448
733.400000	 -0.040566
733.420000	 -0.047145
733.440000	 -0.046487
733.460000	 -0.045171
733.480000	 -0.046158
733.500000	 -0.045829
733.520000	 -0.044842
733.540000	 -0.046487
733.560000	 -0.056357
733.580000	 -0.044513
733.600000	 -0.048790
733.620000	 -0.044184
733.640000	 -0.047474
733.660000	 -0.045171
733.680000	 -0.043855
733.700000	 -0.045171
733.720000	 -0.045500
733.740000	 -0.048132
733.760000	 -0.045829
733.780000	 -0.045171
733.800000	 -0.043198
733.820000	 -0.046816
733.840000	 -0.046816
733.860000	 -0.048790
733.880000	 -0.047145
733.900000	 -0.046487
733.920000	 -0.046487
733.940000	 -0.050435
733.960000	 -0.041882
733.980000	 -0.048132
734.000000	 -0.044842
734.020000	 -0.044842
734.040000	 -0.049777
734.060000	 -0.048790
734.080000	 -0.056357
734.100000	 -0.045171
734.120000	 -0.046158
734.140000	 -0.045829
734.160000	 -0.050106
734.180000	 -0.047145
734.200000	 -0.048790
734.220000	 -0.050764
734.240000	 -0.051093
734.260000	 -0.049448
734.280000	 -0.037934
734.300000	 -0.045500
734.320000	 -0.065568
734.340000	 -0.045829
734.360000	 -0.047474
734.380000	 -0.066555
734.400000	 -0.050435
734.420000	 -0.046487
734.440000	 -0.043198
734.460000	 -0.047145
734.480000	 -0.047803
734.500000	 -0.045829
734.520000	 -0.050764
734.540000	 -0.049777
734.560000	 -0.048132
734.580000	 -0.053067
734.600000	 -0.057015
734.620000	 -0.049777
734.640000	 -0.048132
734.660000	 -0.045829
734.680000	 -0.051093
734.700000	 -0.047803
734.720000	 -0.049119
734.740000	 -0.046158
734.760000	 -0.045500
734.780000	 -0.048132
734.800000	 -0.048132
734.820000	 -0.043527
734.840000	 -0.045171
734.860000	 -0.049119
734.880000	 -0.044842
734.900000	 -0.048132
734.920000	 -0.059317
734.940000	 -0.058989
734.960000	 -0.048790
734.980000	 -0.046158
735.000000	 -0.050435
735.020000	 -0.049119
735.040000	 -0.064581
735.060000	 -0.063265
735.080000	 -0.048132
735.100000	 -0.061620
735.120000	 -0.061949
735.140000	 -0.047803
735.160000	 -0.047803
735.180000	 -0.048790
735.200000	 -0.049448
735.220000	 -0.045500
735.240000	 -0.047474
735.260000	 -0.050106
735.280000	 -0.048461
735.300000	 -0.048461
735.320000	 -0.046816
735.340000	 -0.047145
735.360000	 -0.048461
735.380000	 -0.046158
735.400000	 -0.046487
735.420000	 -0.049448
735.440000	 -0.049777
735.460000	 -0.049119
735.480000	 -0.049448
735.500000	 -0.044842
735.520000	 -0.049119
735.540000	 -0.047145
735.560000	 -0.051422
735.580000	 -0.047803
735.600000	 -0.050106
735.620000	 -0.048790
735.640000	 -0.055370
735.660000	 -0.050435
735.680000	 -0.050106
735.700000	 -0.048790
735.720000	 -0.044842
735.740000	 -0.049119
735.760000	 -0.051751
735.780000	 -0.050764
735.800000	 -0.047145
735.820000	 -0.048790
735.840000	 -0.051093
735.860000	 -0.060633
735.880000	 -0.046816
735.900000	 -0.049448
735.920000	 -0.048461
735.940000	 -0.062278
735.960000	 -0.049777
735.980000	 -0.049119
736.000000	 -0.053067
736.020000	 -0.049119
736.040000	 -0.050106
736.060000	 -0.047145
736.080000	 -0.063923
736.100000	 -0.050106
736.120000	 -0.064252
736.140000	 -0.049448
736.160000	 -0.048132
736.180000	 -0.049448
736.200000	 -0.049448
736.220000	 -0.051093
736.240000	 -0.048461
736.260000	 -0.050106
736.280000	 -0.050106
736.300000	 -0.047145
736.320000	 -0.049448
736.340000	 -0.048790
736.360000	 -0.048461
736.380000	 -0.058989
736.400000	 -0.048132
736.420000	 -0.058002
736.440000	 -0.046816
736.460000	 -0.038592
736.480000	 -0.047474
736.500000	 -0.048461
736.520000	 -0.048132
736.540000	 -0.049119
736.560000	 -0.046158
736.580000	 -0.044513
736.600000	 -0.047474
736.620000	 -0.055699
736.640000	 -0.046816
736.660000	 -0.049777
736.680000	 -0.048461
736.700000	 -0.057673
736.720000	 -0.047803
736.740000	 -0.047474
736.760000	 -0.049777
736.780000	 -0.046487
736.800000	 -0.056686
736.820000	 -0.048790
736.840000	 -0.048790
736.860000	 -0.047803
736.880000	 -0.047145
736.900000	 -0.044842
736.920000	 -0.051093
736.940000	 -0.049777
736.960000	 -0.048132
736.980000	 -0.049777
737.000000	 -0.048132
737.020000	 -0.048461
737.040000	 -0.061620
737.060000	 -0.044184
737.080000	 -0.040566
737.100000	 -0.050106
737.120000	 -0.050106
737.140000	 -0.059975
737.160000	 -0.048790
737.180000	 -0.051751
737.200000	 -0.048790
737.220000	 -0.056686
737.240000	 -0.046816
737.260000	 -0.047145
737.280000	 -0.051422
737.300000	 -0.044842
737.320000	 -0.052409
737.340000	 -0.047145
737.360000	 -0.048461
737.380000	 -0.046487
737.400000	 -0.050764
737.420000	 -0.047474
737.440000	 -0.048790
737.460000	 -0.045829
737.480000	 -0.048790
737.500000	 -0.050106
737.520000	 -0.046158
737.540000	 -0.042869
737.560000	 -0.046816
737.580000	 -0.047145
737.600000	 -0.061949
737.620000	 -0.049777
737.640000	 -0.048790
737.660000	 -0.048132
737.680000	 -0.047145
737.700000	 -0.047474
737.720000	 -0.044184
737.740000	 -0.049777
737.760000	 -0.050106
737.780000	 -0.038263
737.800000	 -0.048461
737.820000	 -0.048461
737.840000	 -0.048461
737.860000	 -0.039908
737.880000	 -0.042211
737.900000	 -0.050435
737.920000	 -0.047803
737.940000	 -0.047145
737.960000	 -0.046487
737.980000	 -0.050435
738.000000	 -0.050435
738.020000	 -0.063594
738.040000	 -0.065239
738.060000	 -0.055370
738.080000	 -0.049119
738.100000	 -0.049448
738.120000	 -0.052409
738.140000	 -0.046816
738.160000	 -0.048790
738.180000	 -0.049119
738.200000	 -0.048132
738.220000	 -0.047474
738.240000	 -0.049777
738.260000	 -0.061291
738.280000	 -0.047145
738.300000	 -0.048461
738.320000	 -0.052409
738.340000	 -0.048132
738.360000	 -0.049777
738.380000	 -0.047474
738.400000	 -0.049448
738.420000	 -0.048790
738.440000	 -0.050106
738.460000	 -0.049119
738.480000	 -0.050106
738.500000	 -0.045500
738.520000	 -0.048132
738.540000	 -0.051093
738.560000	 -0.066226
738.580000	 -0.049448
738.600000	 -0.052080
738.620000	 -0.049448
738.640000	 -0.054054
738.660000	 -0.041224
738.680000	 -0.050435
738.700000	 -0.051751
738.720000	 -0.049777
738.740000	 -0.061620
738.760000	 -0.047474
738.780000	 -0.050106
738.800000	 -0.047803
738.820000	 -0.048132
738.840000	 -0.050106
738.860000	 -0.049448
738.880000	 -0.057344
738.900000	 -0.047145
738.920000	 -0.053725
738.940000	 -0.054054
738.960000	 -0.046158
738.980000	 -0.048132
739.000000	 -0.045829
739.020000	 -0.047474
739.040000	 -0.045829
739.060000	 -0.046816
739.080000	 -0.046487
739.100000	 -0.047145
739.120000	 -0.046158
739.140000	 -0.049777
739.160000	 -0.048790
739.180000	 -0.052409
739.200000	 -0.049777
739.220000	 -0.049119
739.240000	 -0.046487
739.260000	 -0.058002
739.280000	 -0.062607
739.300000	 -0.049119
739.320000	 -0.046816
739.340000	 -0.046816
739.360000	 -0.047474
739.380000	 -0.046487
739.400000	 -0.047474
739.420000	 -0.049119
739.440000	 -0.044513
739.460000	 -0.046158
739.480000	 -0.043198
739.500000	 -0.046487
739.520000	 -0.047474
739.540000	 -0.049119
739.560000	 -0.045500
739.580000	 -0.047474
739.600000	 -0.053067
739.620000	 -0.045171
739.640000	 -0.047803
739.660000	 -0.049119
739.680000	 -0.044842
739.700000	 -0.046487
739.720000	 -0.048132
739.740000	 -0.045500
739.760000	 -0.047474
739.780000	 -0.058331
739.800000	 -0.047803
739.820000	 -0.046487
739.840000	 -0.056028
739.860000	 -0.050435
739.880000	 -0.055041
739.900000	 -0.046158
739.920000	 -0.047803
739.940000	 -0.051422
739.960000	 -0.047803
739.980000	 -0.048132
740.000000	 -0.048132
740.020000	 -0.047145
740.040000	 -0.045829
740.060000	 -0.050106
740.080000	 -0.045500
740.100000	 -0.050106
740.120000	 -0.049448
740.140000	 -0.048461
740.160000	 -0.047145
740.180000	 -0.050106
740.200000	 -0.049777
740.220000	 -0.048790
740.240000	 -0.046158
740.260000	 -0.051751
740.280000	 -0.063594
740.300000	 -0.048461
740.320000	 -0.055041
740.340000	 -0.051751
740.360000	 -0.066555
740.380000	 -0.051751
740.400000	 -0.048461
740.420000	 -0.051093
740.440000	 -0.048132
740.460000	 -0.051751
740.480000	 -0.057015
740.500000	 -0.043855
740.520000	 -0.046487
740.540000	 -0.057015
740.560000	 -0.047145
740.580000	 -0.049119
740.600000	 -0.047474
740.620000	 -0.048132
740.640000	 -0.047474
740.660000	 -0.044842
740.680000	 -0.045500
740.700000	 -0.046487
740.720000	 -0.047474
740.740000	 -0.048132
740.760000	 -0.046158
740.780000	 -0.048461
740.800000	 -0.047474
740.820000	 -0.047474
740.840000	 -0.046487
740.860000	 -0.044184
740.880000	 -0.047474
740.900000	 -0.044842
740.920000	 -0.046158
740.940000	 -0.045500
740.960000	 -0.046816
740.980000	 -0.047145
741.000000	 -0.045171
741.020000	 -0.047145
741.040000	 -0.049119
741.060000	 -0.045829
741.080000	 -0.047803
741.100000	 -0.046158
741.120000	 -0.051093
741.140000	 -0.050435
741.160000	 -0.047803
741.180000	 -0.048132
741.200000	 -0.043198
741.220000	 -0.047145
741.240000	 -0.048790
741.260000	 -0.048790
741.280000	 -0.050764
741.300000	 -0.047474
741.320000	 -0.063594
741.340000	 -0.051751
741.360000	 -0.046816
741.380000	 -0.051093
741.400000	 -0.046816
741.420000	 -0.051751
741.440000	 -0.048461
741.460000	 -0.043855
741.480000	 -0.045171
741.500000	 -0.045829
741.520000	 -0.047145
741.540000	 -0.050764
741.560000	 -0.045171
741.580000	 -0.038592
741.600000	 -0.046158
741.620000	 -0.043855
741.640000	 -0.044513
741.660000	 -0.044513
741.680000	 -0.045171
741.700000	 -0.046487
741.720000	 -0.045171
741.740000	 -0.044513
741.760000	 -0.048790
741.780000	 -0.046816
741.800000	 -0.043855
741.820000	 -0.048790
741.840000	 -0.046816
741.860000	 -0.049119
741.880000	 -0.047803
741.900000	 -0.044184
741.920000	 -0.048461
741.940000	 -0.041224
741.960000	 -0.046487
741.980000	 -0.045171
742.000000	 -0.048461
742.020000	 -0.064252
742.040000	 -0.047803
742.060000	 -0.049119
742.080000	 -0.048461
742.100000	 -0.052080
742.120000	 -0.049119
742.140000	 -0.049119
742.160000	 -0.045171
742.180000	 -0.048790
742.200000	 -0.052080
742.220000	 -0.047145
742.240000	 -0.048132
742.260000	 -0.046487
742.280000	 -0.044842
742.300000	 -0.047474
742.320000	 -0.066884
742.340000	 -0.039579
742.360000	 -0.051751
742.380000	 -0.049119
742.400000	 -0.051751
742.420000	 -0.049119
742.440000	 -0.048461
742.460000	 -0.047474
742.480000	 -0.048790
742.500000	 -0.045829
742.520000	 -0.054383
742.540000	 -0.047145
742.560000	 -0.047474
742.580000	 -0.047803
742.600000	 -0.062278
742.620000	 -0.047803
742.640000	 -0.047145
742.660000	 -0.047474
742.680000	 -0.050764
742.700000	 -0.048132
742.720000	 -0.047145
742.740000	 -0.048132
742.760000	 -0.046158
742.780000	 -0.046487
742.800000	 -0.049119
742.820000	 -0.046158
742.840000	 -0.047145
742.860000	 -0.051093
742.880000	 -0.048790
742.900000	 -0.051422
742.920000	 -0.050106
742.940000	 -0.049448
742.960000	 -0.048790
742.980000	 -0.053067
743.000000	 -0.059646
743.020000	 -0.046816
743.040000	 -0.045171
743.060000	 -0.046487
743.080000	 -0.049119
743.100000	 -0.049119
743.120000	 -0.046816
743.140000	 -0.047803
743.160000	 -0.049119
743.180000	 -0.053396
743.200000	 -0.048790
743.220000	 -0.049448
743.240000	 -0.048461
743.260000	 -0.049448
743.280000	 -0.047803
743.300000	 -0.048461
743.320000	 -0.047145
743.340000	 -0.047145
743.360000	 -0.046487
743.380000	 -0.047145
743.400000	 -0.049119
743.420000	 -0.048790
743.440000	 -0.044842
743.460000	 -0.046158
743.480000	 -0.048132
743.500000	 -0.046158
743.520000	 -0.044513
743.540000	 -0.048790
743.560000	 -0.045829
743.580000	 -0.046487
743.600000	 -0.058660
743.620000	 -0.036947
743.640000	 -0.066555
743.660000	 -0.048132
743.680000	 -0.051093
743.700000	 -0.050106
743.720000	 -0.054054
743.740000	 -0.051422
743.760000	 -0.046158
743.780000	 -0.050764
743.800000	 -0.057015
743.820000	 -0.048132
743.840000	 -0.045171
743.860000	 -0.046816
743.880000	 -0.047145
743.900000	 -0.054054
743.920000	 -0.046816
743.940000	 -0.047145
743.960000	 -0.049777
743.980000	 -0.045829
744.000000	 -0.052080
744.020000	 -0.048132
744.040000	 -0.049119
744.060000	 -0.048790
744.080000	 -0.050106
744.100000	 -0.059317
744.120000	 -0.062936
744.140000	 -0.054712
744.160000	 -0.047145
744.180000	 -0.047474
744.200000	 -0.046816
744.220000	 -0.048461
744.240000	 -0.047474
744.260000	 -0.048790
744.280000	 -0.047145
744.300000	 -0.036289
744.320000	 -0.047145
744.340000	 -0.046816
744.360000	 -0.047145
744.380000	 -0.049119
744.400000	 -0.049119
744.420000	 -0.045829
744.440000	 -0.064910
744.460000	 -0.050106
744.480000	 -0.045171
744.500000	 -0.049448
744.520000	 -0.054712
744.540000	 -0.048132
744.560000	 -0.049448
744.580000	 -0.049119
744.600000	 -0.049448
744.620000	 -0.053396
744.640000	 -0.071490
744.660000	 -0.043527
744.680000	 -0.045829
744.700000	 -0.048790
744.720000	 -0.046816
744.740000	 -0.048461
744.760000	 -0.049119
744.780000	 -0.042869
744.800000	 -0.051422
744.820000	 -0.045829
744.840000	 -0.047145
744.860000	 -0.048461
744.880000	 -0.046816
744.900000	 -0.058989
744.920000	 -0.048790
744.940000	 -0.053067
744.960000	 -0.048132
744.980000	 -0.047474
745.000000	 -0.047803
745.020000	 -0.045500
745.040000	 -0.047145
745.060000	 -0.045829
745.080000	 -0.047803
745.100000	 -0.053067
745.120000	 -0.055041
745.140000	 -0.047474
745.160000	 -0.044513
745.180000	 -0.050435
745.200000	 -0.048790
745.220000	 -0.046158
745.240000	 -0.062607
745.260000	 -0.050106
745.280000	 -0.053725
745.300000	 -0.050764
745.320000	 -0.058002
745.340000	 -0.047474
745.360000	 -0.054054
745.380000	 -0.049119
745.400000	 -0.047145
745.420000	 -0.046158
745.440000	 -0.050764
745.460000	 -0.048461
745.480000	 -0.045829
745.500000	 -0.049119
745.520000	 -0.051751
745.540000	 -0.046487
745.560000	 -0.064581
745.580000	 -0.045500
745.600000	 -0.045829
745.620000	 -0.048461
745.640000	 -0.054054
745.660000	 -0.045171
745.680000	 -0.048461
745.700000	 -0.049119
745.720000	 -0.049448
745.740000	 -0.042211
745.760000	 -0.045500
745.780000	 -0.050435
745.800000	 -0.046816
745.820000	 -0.050435
745.840000	 -0.048790
745.860000	 -0.047145
745.880000	 -0.047474
745.900000	 -0.045829
745.920000	 -0.049777
745.940000	 -0.048132
745.960000	 -0.047145
745.980000	 -0.046158
746.000000	 -0.048132
746.020000	 -0.048132
746.040000	 -0.036289
746.060000	 -0.044184
746.080000	 -0.057015
746.100000	 -0.049448
746.120000	 -0.045171
746.140000	 -0.046816
746.160000	 -0.048790
746.180000	 -0.047145
746.200000	 -0.050435
746.220000	 -0.046816
746.240000	 -0.047803
746.260000	 -0.045171
746.280000	 -0.048790
746.300000	 -0.046487
746.320000	 -0.044184
746.340000	 -0.048132
746.360000	 -0.045829
746.380000	 -0.048790
746.400000	 -0.049119
746.420000	 -0.051422
746.440000	 -0.048132
746.460000	 -0.049119
746.480000	 -0.046158
746.500000	 -0.047803
746.520000	 -0.047145
746.540000	 -0.046158
746.560000	 -0.045500
746.580000	 -0.047803
746.600000	 -0.045500
746.620000	 -0.047145
746.640000	 -0.045500
746.660000	 -0.049448
746.680000	 -0.053067
746.700000	 -0.043527
746.720000	 -0.049119
746.740000	 -0.045829
746.760000	 -0.055699
746.780000	 -0.046158
746.800000	 -0.045171
746.820000	 -0.047145
746.840000	 -0.047145
746.860000	 -0.046158
746.880000	 -0.049448
746.900000	 -0.043855
746.920000	 -0.049448
746.940000	 -0.048461
746.960000	 -0.046487
746.980000	 -0.041882
747.000000	 -0.049777
747.020000	 -0.048132
747.040000	 -0.046816
747.060000	 -0.043855
747.080000	 -0.047474
747.100000	 -0.052738
747.120000	 -0.049448
747.140000	 -0.045829
747.160000	 -0.047145
747.180000	 -0.046158
747.200000	 -0.045500
747.220000	 -0.047145
747.240000	 -0.047145
747.260000	 -0.048790
747.280000	 -0.045829
747.300000	 -0.043855
747.320000	 -0.042869
747.340000	 -0.044842
747.360000	 -0.043198
747.380000	 -0.046487
747.400000	 -0.047474
747.420000	 -0.047474
747.440000	 -0.046487
747.460000	 -0.045500
747.480000	 -0.047145
747.500000	 -0.048461
747.520000	 -0.047145
747.540000	 -0.046816
747.560000	 -0.047474
747.580000	 -0.050106
747.600000	 -0.047803
747.620000	 -0.046158
747.640000	 -0.046816
747.660000	 -0.048461
747.680000	 -0.045500
747.700000	 -0.045500
747.720000	 -0.046816
747.740000	 -0.046816
747.760000	 -0.045500
747.780000	 -0.044842
747.800000	 -0.066884
747.820000	 -0.046158
747.840000	 -0.046487
747.860000	 -0.044842
747.880000	 -0.045829
747.900000	 -0.049119
747.920000	 -0.044513
747.940000	 -0.047474
747.960000	 -0.048132
747.980000	 -0.045500
748.000000	 -0.042540
748.020000	 -0.045829
748.040000	 -0.047145
748.060000	 -0.044842
748.080000	 -0.045171
748.100000	 -0.047803
748.120000	 -0.042869
748.140000	 -0.047474
748.160000	 -0.045829
748.180000	 -0.047474
748.200000	 -0.047145
748.220000	 -0.046158
748.240000	 -0.046487
748.260000	 -0.044184
748.280000	 -0.053725
748.300000	 -0.047803
748.320000	 -0.047474
748.340000	 -0.046487
748.360000	 -0.048461
748.380000	 -0.048132
748.400000	 -0.040237
748.420000	 -0.043527
748.440000	 -0.047145
748.460000	 -0.045829
748.480000	 -0.047474
748.500000	 -0.047803
748.520000	 -0.047145
748.540000	 -0.048132
748.560000	 -0.043198
748.580000	 -0.047145
748.600000	 -0.046158
748.620000	 -0.046158
748.640000	 -0.039250
748.660000	 -0.063265
748.680000	 -0.045829
748.700000	 -0.044842
748.720000	 -0.045500
748.740000	 -0.047474
748.760000	 -0.041224
748.780000	 -0.049448
748.800000	 -0.047474
748.820000	 -0.044184
748.840000	 -0.047803
748.860000	 -0.048132
748.880000	 -0.051422
748.900000	 -0.048132
748.920000	 -0.046158
748.940000	 -0.047474
748.960000	 -0.048132
748.980000	 -0.048132
749.000000	 -0.051422
749.020000	 -0.049119
749.040000	 -0.048461
749.060000	 -0.046816
749.080000	 -0.043855
749.100000	 -0.047803
749.120000	 -0.047145
749.140000	 -0.046816
749.160000	 -0.049777
749.180000	 -0.050106
749.200000	 -0.046816
749.220000	 -0.047145
749.240000	 -0.048461
749.260000	 -0.048461
749.280000	 -0.046158
749.300000	 -0.045829
749.320000	 -0.049448
749.340000	 -0.036947
749.360000	 -0.047803
749.380000	 -0.046158
749.400000	 -0.046487
749.420000	 -0.048790
749.440000	 -0.048790
749.460000	 -0.064910
749.480000	 -0.046487
749.500000	 -0.050106
749.520000	 -0.048132
749.540000	 -0.049119
749.560000	 -0.047803
749.580000	 -0.050764
749.600000	 -0.048461
749.620000	 -0.046816
749.640000	 -0.050764
749.660000	 -0.045171
749.680000	 -0.046158
749.700000	 -0.046158
749.720000	 -0.046487
749.740000	 -0.047803
749.760000	 -0.046158
749.780000	 -0.045171
749.800000	 -0.049777
749.820000	 -0.049448
749.840000	 -0.051422
749.860000	 -0.048790
749.880000	 -0.055041
749.900000	 -0.047474
749.920000	 -0.048461
749.940000	 -0.048132
749.960000	 -0.047803
749.980000	 -0.048790
750.000000	 -0.041224
750.020000	 -0.059646
750.040000	 -0.049448
750.060000	 -0.048132
750.080000	 -0.047145
750.100000	 -0.055699
750.120000	 -0.046816
750.140000	 -0.049777
750.160000	 -0.048461
750.180000	 -0.059317
750.200000	 -0.048132
750.220000	 -0.050435
750.240000	 -0.059975
750.260000	 -0.047474
750.280000	 -0.051422
750.300000	 -0.044513
750.320000	 -0.049448
750.340000	 -0.047145
750.360000	 -0.051751
750.380000	 -0.049119
750.400000	 -0.050106
750.420000	 -0.051093
750.440000	 -0.053396
750.460000	 -0.050764
750.480000	 -0.050106
750.500000	 -0.045829
750.520000	 -0.046487
750.540000	 -0.049119
750.560000	 -0.047145
750.580000	 -0.050106
750.600000	 -0.047803
750.620000	 -0.048132
750.640000	 -0.038921
750.660000	 -0.046487
750.680000	 -0.046158
750.700000	 -0.049777
750.720000	 -0.048132
750.740000	 -0.048132
750.760000	 -0.049448
750.780000	 -0.048132
750.800000	 -0.041882
750.820000	 -0.049448
750.840000	 -0.052738
750.860000	 -0.051422
750.880000	 -0.051093
750.900000	 -0.044184
750.920000	 -0.049119
750.940000	 -0.046158
750.960000	 -0.047474
750.980000	 -0.052080
751.000000	 -0.047474
751.020000	 -0.046816
751.040000	 -0.057673
751.060000	 -0.048461
751.080000	 -0.048461
751.100000	 -0.044842
751.120000	 -0.046487
751.140000	 -0.046487
751.160000	 -0.047145
751.180000	 -0.044513
751.200000	 -0.048132
751.220000	 -0.056686
751.240000	 -0.047803
751.260000	 -0.054712
751.280000	 -0.050764
751.300000	 -0.048132
751.320000	 -0.047145
751.340000	 -0.050435
751.360000	 -0.050435
751.380000	 -0.048790
751.400000	 -0.049777
751.420000	 -0.049448
751.440000	 -0.050764
751.460000	 -0.050435
751.480000	 -0.050106
751.500000	 -0.048132
751.520000	 -0.050106
751.540000	 -0.042869
751.560000	 -0.049448
751.580000	 -0.047803
751.600000	 -0.054712
751.620000	 -0.050106
751.640000	 -0.049777
751.660000	 -0.052080
751.680000	 -0.051751
751.700000	 -0.049777
751.720000	 -0.047803
751.740000	 -0.048132
751.760000	 -0.049777
751.780000	 -0.054054
751.800000	 -0.049119
751.820000	 -0.048461
751.840000	 -0.051422
751.860000	 -0.047145
751.880000	 -0.048132
751.900000	 -0.052080
751.920000	 -0.049448
751.940000	 -0.052738
751.960000	 -0.048132
751.980000	 -0.048132
752.000000	 -0.044842
752.020000	 -0.057344
752.040000	 -0.047803
752.060000	 -0.052080
752.080000	 -0.049448
752.100000	 -0.049777
752.120000	 -0.051093
752.140000	 -0.047803
752.160000	 -0.048461
752.180000	 -0.048132
752.200000	 -0.048132
752.220000	 -0.049448
752.240000	 -0.048132
752.260000	 -0.050435
752.280000	 -0.058989
752.300000	 -0.049448
752.320000	 -0.047145
752.340000	 -0.050106
752.360000	 -0.048461
752.380000	 -0.046816
752.400000	 -0.052409
752.420000	 -0.055370
752.440000	 -0.046487
752.460000	 -0.048461
752.480000	 -0.061291
752.500000	 -0.055370
752.520000	 -0.045829
752.540000	 -0.048132
752.560000	 -0.047145
752.580000	 -0.047474
752.600000	 -0.041553
752.620000	 -0.048461
752.640000	 -0.048132
752.660000	 -0.047474
752.680000	 -0.049777
752.700000	 -0.049119
752.720000	 -0.060962
752.740000	 -0.044513
752.760000	 -0.044513
752.780000	 -0.047145
752.800000	 -0.047474
752.820000	 -0.058002
752.840000	 -0.048790
752.860000	 -0.048461
752.880000	 -0.061949
752.900000	 -0.049777
752.920000	 -0.052409
752.940000	 -0.049777
752.960000	 -0.050435
752.980000	 -0.047474
753.000000	 -0.048790
753.020000	 -0.048461
753.040000	 -0.053396
753.060000	 -0.051422
753.080000	 -0.048790
753.100000	 -0.050106
753.120000	 -0.055370
753.140000	 -0.048132
753.160000	 -0.048790
753.180000	 -0.063265
753.200000	 -0.048461
753.220000	 -0.059317
753.240000	 -0.048461
753.260000	 -0.047474
753.280000	 -0.050106
753.300000	 -0.052738
753.320000	 -0.048790
753.340000	 -0.051751
753.360000	 -0.049119
753.380000	 -0.053725
753.400000	 -0.053725
753.420000	 -0.049119
753.440000	 -0.049777
753.460000	 -0.050435
753.480000	 -0.049448
753.500000	 -0.047145
753.520000	 -0.047474
753.540000	 -0.047474
753.560000	 -0.051751
753.580000	 -0.047474
753.600000	 -0.059646
753.620000	 -0.050106
753.640000	 -0.050106
753.660000	 -0.047474
753.680000	 -0.046487
753.700000	 -0.043527
753.720000	 -0.050106
753.740000	 -0.049448
753.760000	 -0.049448
753.780000	 -0.056357
753.800000	 -0.050435
753.820000	 -0.051093
753.840000	 -0.046487
753.860000	 -0.050435
753.880000	 -0.047803
753.900000	 -0.057015
753.920000	 -0.049777
753.940000	 -0.049777
753.960000	 -0.048461
753.980000	 -0.049448
754.000000	 -0.060633
754.020000	 -0.052409
754.040000	 -0.048461
754.060000	 -0.052409
754.080000	 -0.044842
754.100000	 -0.045500
754.120000	 -0.053067
754.140000	 -0.047803
754.160000	 -0.052080
754.180000	 -0.053725
754.200000	 -0.049777
754.220000	 -0.048790
754.240000	 -0.049448
754.260000	 -0.050106
754.280000	 -0.047474
754.300000	 -0.047474
754.320000	 -0.050106
754.340000	 -0.052080
754.360000	 -0.048132
754.380000	 -0.050106
754.400000	 -0.047803
754.420000	 -0.052080
754.440000	 -0.043855
754.460000	 -0.053067
754.480000	 -0.059975
754.500000	 -0.048461
754.520000	 -0.044842
754.540000	 -0.047803
754.560000	 -0.045500
754.580000	 -0.049119
754.600000	 -0.061949
754.620000	 -0.048461
754.640000	 -0.044184
754.660000	 -0.047474
754.680000	 -0.046487
754.700000	 -0.061291
754.720000	 -0.048132
754.740000	 -0.045171
754.760000	 -0.043527
754.780000	 -0.047145
754.800000	 -0.042869
754.820000	 -0.042540
754.840000	 -0.044184
754.860000	 -0.046816
754.880000	 -0.048461
754.900000	 -0.040566
754.920000	 -0.042869
754.940000	 -0.061620
754.960000	 -0.045171
754.980000	 -0.048461
755.000000	 -0.048461
755.020000	 -0.049448
755.040000	 -0.049119
755.060000	 -0.046487
755.080000	 -0.047145
755.100000	 -0.049448
755.120000	 -0.046816
755.140000	 -0.046487
755.160000	 -0.049777
755.180000	 -0.044842
755.200000	 -0.045829
755.220000	 -0.047145
755.240000	 -0.047145
755.260000	 -0.044513
755.280000	 -0.046816
755.300000	 -0.050764
755.320000	 -0.046158
755.340000	 -0.045171
755.360000	 -0.045500
755.380000	 -0.047803
755.400000	 -0.048461
755.420000	 -0.048461
755.440000	 -0.050435
755.460000	 -0.047145
755.480000	 -0.047145
755.500000	 -0.047803
755.520000	 -0.069516
755.540000	 -0.047803
755.560000	 -0.046158
755.580000	 -0.047474
755.600000	 -0.046487
755.620000	 -0.046487
755.640000	 -0.047145
755.660000	 -0.044842
755.680000	 -0.045829
755.700000	 -0.065239
755.720000	 -0.048132
755.740000	 -0.047803
755.760000	 -0.047474
755.780000	 -0.043527
755.800000	 -0.046816
755.820000	 -0.046158
755.840000	 -0.046158
755.860000	 -0.049119
755.880000	 -0.048790
755.900000	 -0.048132
755.920000	 -0.045171
755.940000	 -0.047145
755.960000	 -0.048461
755.980000	 -0.047474
756.000000	 -0.046816
756.020000	 -0.063923
756.040000	 -0.045829
756.060000	 -0.046158
756.080000	 -0.048461
756.100000	 -0.046487
756.120000	 -0.069845
756.140000	 -0.049777
756.160000	 -0.047803
756.180000	 -0.050106
756.200000	 -0.046158
756.220000	 -0.045171
756.240000	 -0.046158
756.260000	 -0.045829
756.280000	 -0.045171
756.300000	 -0.048132
756.320000	 -0.057673
756.340000	 -0.046816
756.360000	 -0.047145
756.380000	 -0.049777
756.400000	 -0.050435
756.420000	 -0.049777
756.440000	 -0.045171
756.460000	 -0.048461
756.480000	 -0.049448
756.500000	 -0.048461
756.520000	 -0.049448
756.540000	 -0.047145
756.560000	 -0.049448
756.580000	 -0.049448
756.600000	 -0.055699
756.620000	 -0.050106
756.640000	 -0.056686
756.660000	 -0.045829
756.680000	 -0.049119
756.700000	 -0.049448
756.720000	 -0.048132
756.740000	 -0.048790
756.760000	 -0.047474
756.780000	 -0.054054
756.800000	 -0.046816
756.820000	 -0.047474
756.840000	 -0.046487
756.860000	 -0.046158
756.880000	 -0.047145
756.900000	 -0.048461
756.920000	 -0.047474
756.940000	 -0.046158
756.960000	 -0.044513
756.980000	 -0.044513
757.000000	 -0.047145
757.020000	 -0.047145
757.040000	 -0.044842
757.060000	 -0.046487
757.080000	 -0.048790
757.100000	 -0.044842
757.120000	 -0.049777
757.140000	 -0.047803
757.160000	 -0.046487
757.180000	 -0.048790
757.200000	 -0.060304
757.220000	 -0.050435
757.240000	 -0.045171
757.260000	 -0.047474
757.280000	 -0.056028
757.300000	 -0.044184
757.320000	 -0.050435
757.340000	 -0.047145
757.360000	 -0.048132
757.380000	 -0.049448
757.400000	 -0.048790
757.420000	 -0.048461
757.440000	 -0.050764
757.460000	 -0.056028
757.480000	 -0.044513
757.500000	 -0.047474
757.520000	 -0.051093
757.540000	 -0.050106
757.560000	 -0.051751
757.580000	 -0.048132
757.600000	 -0.060962
757.620000	 -0.044513
757.640000	 -0.048790
757.660000	 -0.044513
757.680000	 -0.050106
757.700000	 -0.052738
757.720000	 -0.046487
757.740000	 -0.044842
757.760000	 -0.045829
757.780000	 -0.045171
757.800000	 -0.054054
757.820000	 -0.049119
757.840000	 -0.044513
757.860000	 -0.045829
757.880000	 -0.048461
757.900000	 -0.055370
757.920000	 -0.049448
757.940000	 -0.048790
757.960000	 -0.049119
757.980000	 -0.049119
758.000000	 -0.046816
758.020000	 -0.046816
758.040000	 -0.044513
758.060000	 -0.045829
758.080000	 -0.052080
758.100000	 -0.051093
758.120000	 -0.051422
758.140000	 -0.047803
758.160000	 -0.047474
758.180000	 -0.047474
758.200000	 -0.047145
758.220000	 -0.049448
758.240000	 -0.048132
758.260000	 -0.049448
758.280000	 -0.050106
758.300000	 -0.047803
758.320000	 -0.047474
758.340000	 -0.054054
758.360000	 -0.047474
758.380000	 -0.046816
758.400000	 -0.048461
758.420000	 -0.046158
758.440000	 -0.056357
758.460000	 -0.048461
758.480000	 -0.049119
758.500000	 -0.045829
758.520000	 -0.046816
758.540000	 -0.046487
758.560000	 -0.056028
758.580000	 -0.046158
758.600000	 -0.044513
758.620000	 -0.046487
758.640000	 -0.051751
758.660000	 -0.043855
758.680000	 -0.046816
758.700000	 -0.052738
758.720000	 -0.037934
758.740000	 -0.047803
758.760000	 -0.048132
758.780000	 -0.048461
758.800000	 -0.050106
758.820000	 -0.047145
758.840000	 -0.046158
758.860000	 -0.052080
758.880000	 -0.045500
758.900000	 -0.046487
758.920000	 -0.058660
758.940000	 -0.047474
758.960000	 -0.048790
758.980000	 -0.044184
759.000000	 -0.047803
759.020000	 -0.050764
759.040000	 -0.049119
759.060000	 -0.047474
759.080000	 -0.051751
759.100000	 -0.049777
759.120000	 -0.046158
759.140000	 -0.048461
759.160000	 -0.048790
759.180000	 -0.047803
759.200000	 -0.045171
759.220000	 -0.048461
759.240000	 -0.048132
759.260000	 -0.047803
759.280000	 -0.049777
759.300000	 -0.049448
759.320000	 -0.048132
759.340000	 -0.048790
759.360000	 -0.050435
759.380000	 -0.047145
759.400000	 -0.046158
759.420000	 -0.073793
759.440000	 -0.048461
759.460000	 -0.050764
759.480000	 -0.047474
759.500000	 -0.048790
759.520000	 -0.047474
759.540000	 -0.044513
759.560000	 -0.063594
759.580000	 -0.050435
759.600000	 -0.046158
759.620000	 -0.046158
759.640000	 -0.047145
759.660000	 -0.046487
759.680000	 -0.045171
759.700000	 -0.047474
759.720000	 -0.045829
759.740000	 -0.045500
759.760000	 -0.051093
759.780000	 -0.045500
759.800000	 -0.046487
759.820000	 -0.047145
759.840000	 -0.062607
759.860000	 -0.049448
759.880000	 -0.048132
759.900000	 -0.067542
759.920000	 -0.050764
759.940000	 -0.052409
759.960000	 -0.049448
759.980000	 -0.049777
760.000000	 -0.048790
