700.000000	 -0.006352
700.020000	 -0.015892
700.040000	 -0.015234
700.060000	 -0.012274
700.080000	 -0.016550
700.100000	 -0.012602
700.120000	 -0.017866
700.140000	 -0.014576
700.160000	 -0.012931
700.180000	 -0.020498
700.200000	 -0.011287
700.220000	 -0.015563
700.240000	 -0.082017
700.260000	 -0.009971
700.280000	 -0.019511
700.300000	 -0.010958
700.320000	 -0.019182
700.340000	 -0.010629
700.360000	 -0.015892
700.380000	 -0.014905
700.400000	 -0.041224
700.420000	 -0.010958
700.440000	 -0.047474
700.460000	 -0.008984
700.480000	 -0.020169
700.500000	 -0.017866
700.520000	 -0.011616
700.540000	 -0.018853
700.560000	 -0.011945
700.580000	 -0.013918
700.600000	 -0.021814
700.620000	 -0.013589
700.640000	 -0.019182
700.660000	 -0.016221
700.680000	 -0.016221
700.700000	 -0.026420
700.720000	 -0.012602
700.740000	 -0.017866
700.760000	 -0.023130
700.780000	 -0.017208
700.800000	 -0.013589
700.820000	 -0.017866
700.840000	 -0.017208
700.860000	 -0.013589
700.880000	 -0.014576
700.900000	 -0.013589
700.920000	 -0.018524
700.940000	 -0.018524
700.960000	 -0.014905
700.980000	 -0.012602
701.000000	 -0.007339
701.020000	 -0.012602
701.040000	 -0.014247
701.060000	 -0.018195
701.080000	 -0.009971
701.100000	 -0.016550
701.120000	 -0.017866
701.140000	 -0.012274
701.160000	 -0.018524
701.180000	 -0.011945
701.200000	 -0.007668
701.220000	 -0.010629
701.240000	 -0.062936
701.260000	  0.006149
701.280000	 -0.052409
701.300000	 -0.012931
701.320000	 -0.004378
701.340000	 -0.020827
701.360000	 -0.008984
701.380000	 -0.012931
701.400000	 -0.013918
701.420000	 -0.011945
701.440000	 -0.013589
701.460000	 -0.012602
701.480000	 -0.012931
701.500000	 -0.018195
701.520000	 -0.014576
701.540000	 -0.004049
701.560000	 -0.009642
701.580000	 -0.013589
701.600000	 -0.014905
701.620000	 -0.016221
701.640000	 -0.010629
701.660000	 -0.022801
701.680000	 -0.010958
701.700000	 -0.016221
701.720000	 -0.016221
701.740000	 -0.015563
701.760000	 -0.010958
701.780000	 -0.023130
701.800000	 -0.002075
701.820000	 -0.017866
701.840000	 -0.035960
701.860000	 -0.015234
701.880000	 -0.045500
701.900000	 -0.014247
701.920000	 -0.012931
701.940000	 -0.019511
701.960000	 -0.024775
701.980000	 -0.011616
702.000000	 -0.016550
702.020000	 -0.015563
702.040000	 -0.015892
702.060000	 -0.024446
702.080000	  0.004175
702.100000	 -0.019182
702.120000	 -0.009642
702.140000	 -0.017537
702.160000	 -0.023459
702.180000	 -0.038263
702.200000	 -0.015892
702.220000	 -0.017208
702.240000	 -0.015234
702.260000	 -0.060304
702.280000	 -0.023459
702.300000	 -0.013589
702.320000	 -0.025433
702.340000	 -0.023788
702.360000	 -0.015892
702.380000	 -0.012602
702.400000	 -0.012602
702.420000	 -0.013260
702.440000	 -0.015892
702.460000	 -0.012931
702.480000	 -0.012931
702.500000	 -0.011616
702.520000	 -0.014576
702.540000	 -0.013918
702.560000	 -0.011945
702.580000	 -0.020827
702.600000	 -0.014576
702.620000	 -0.015234
702.640000	 -0.011616
702.660000	 -0.019182
702.680000	 -0.016550
702.700000	 -0.018195
702.720000	 -0.033328
702.740000	 -0.017537
702.760000	 -0.026749
702.780000	 -0.017208
702.800000	 -0.021485
702.820000	 -0.014247
702.840000	 -0.025104
702.860000	 -0.021156
702.880000	 -0.019182
702.900000	 -0.014576
702.920000	 -0.023130
702.940000	 -0.027407
702.960000	 -0.020169
702.980000	 -0.011945
703.000000	 -0.016879
703.020000	 -0.048790
703.040000	 -0.038263
703.060000	 -0.014576
703.080000	 -0.013918
703.100000	 -0.011945
703.120000	 -0.023459
703.140000	 -0.053396
703.160000	 -0.007010
703.180000	 -0.012602
703.200000	 -0.012931
703.220000	 -0.012931
703.240000	 -0.013918
703.260000	 -0.012602
703.280000	 -0.018195
703.300000	 -0.016550
703.320000	 -0.013260
703.340000	 -0.012602
703.360000	 -0.021485
703.380000	 -0.013589
703.400000	 -0.021485
703.420000	 -0.014905
703.440000	 -0.039908
703.460000	 -0.011287
703.480000	 -0.012274
703.500000	 -0.022472
703.520000	 -0.030367
703.540000	 -0.014576
703.560000	 -0.016879
703.580000	 -0.014905
703.600000	 -0.023788
703.620000	 -0.019511
703.640000	 -0.020498
703.660000	 -0.016550
703.680000	 -0.013918
703.700000	 -0.013260
703.720000	 -0.016550
703.740000	 -0.013260
703.760000	 -0.016879
703.780000	 -0.013260
703.800000	 -0.016221
703.820000	 -0.015234
703.840000	 -0.018524
703.860000	 -0.009313
703.880000	 -0.019182
703.900000	 -0.017208
703.920000	 -0.010958
703.940000	 -0.013589
703.960000	 -0.021814
703.980000	 -0.018853
704.000000	 -0.011616
704.020000	 -0.021156
704.040000	 -0.014905
704.060000	 -0.013589
704.080000	 -0.018853
704.100000	 -0.017537
704.120000	 -0.016221
704.140000	 -0.020169
704.160000	 -0.019840
704.180000	 -0.012931
704.200000	 -0.016221
704.220000	 -0.019840
704.240000	 -0.011616
704.260000	 -0.010300
704.280000	 -0.011616
704.300000	 -0.014576
704.320000	 -0.018524
704.340000	 -0.006023
704.360000	 -0.019511
704.380000	 -0.020827
704.400000	 -0.018195
704.420000	 -0.017866
704.440000	 -0.018195
704.460000	 -0.018195
704.480000	 -0.015234
704.500000	 -0.019182
704.520000	 -0.012274
704.540000	 -0.020498
704.560000	 -0.015234
704.580000	 -0.021156
704.600000	 -0.015234
704.620000	 -0.014905
704.640000	 -0.021485
704.660000	 -0.015563
704.680000	 -0.020498
704.700000	 -0.013918
704.720000	 -0.020498
704.740000	 -0.016221
704.760000	 -0.015563
704.780000	 -0.019511
704.800000	 -0.016221
704.820000	 -0.018524
704.840000	 -0.015563
704.860000	 -0.044842
704.880000	 -0.017866
704.900000	 -0.017537
704.920000	 -0.023459
704.940000	 -0.015234
704.960000	 -0.020169
704.980000	 -0.034315
705.000000	 -0.014905
705.020000	 -0.018195
705.040000	 -0.012274
705.060000	 -0.015563
705.080000	 -0.016879
705.100000	 -0.007997
705.120000	 -0.020827
705.140000	 -0.018195
705.160000	 -0.016879
705.180000	 -0.018195
705.200000	 -0.018524
705.220000	 -0.008655
705.240000	 -0.016550
705.260000	 -0.011616
705.280000	 -0.017208
705.300000	 -0.019840
705.320000	 -0.010300
705.340000	 -0.012931
705.360000	 -0.016550
705.380000	 -0.011287
705.400000	 -0.018524
705.420000	 -0.013918
705.440000	 -0.011616
705.460000	 -0.023788
705.480000	 -0.013589
705.500000	 -0.023788
705.520000	 -0.014905
705.540000	 -0.010629
705.560000	 -0.019182
705.580000	 -0.012602
705.600000	 -0.020169
705.620000	 -0.014247
705.640000	 -0.015234
705.660000	 -0.012274
705.680000	 -0.020169
705.700000	 -0.012602
705.720000	 -0.023788
705.740000	 -0.010300
705.760000	 -0.025762
705.780000	 -0.013918
705.800000	 -0.022472
705.820000	 -0.009313
705.840000	 -0.023788
705.860000	 -0.030696
705.880000	 -0.023130
705.900000	 -0.004707
705.920000	 -0.021156
705.940000	 -0.016550
705.960000	 -0.017866
705.980000	 -0.018524
706.000000	 -0.023130
706.020000	 -0.017208
706.040000	 -0.022472
706.060000	 -0.016550
706.080000	 -0.012602
706.100000	 -0.011616
706.120000	 -0.020827
706.140000	 -0.020827
706.160000	 -0.014576
706.180000	 -0.020169
706.200000	 -0.016879
706.220000	 -0.016221
706.240000	 -0.018524
706.260000	 -0.010629
706.280000	 -0.047145
706.300000	 -0.016550
706.320000	 -0.016221
706.340000	 -0.011616
706.360000	 -0.017208
706.380000	 -0.010958
706.400000	 -0.011616
706.420000	 -0.028064
706.440000	 -0.012274
706.460000	 -0.024775
706.480000	 -0.016550
706.500000	 -0.017866
706.520000	 -0.022143
706.540000	 -0.007010
706.560000	 -0.017866
706.580000	 -0.013918
706.600000	 -0.012602
706.620000	 -0.012274
706.640000	 -0.008984
706.660000	 -0.014576
706.680000	 -0.017208
706.700000	 -0.016550
706.720000	 -0.010958
706.740000	 -0.019840
706.760000	 -0.013260
706.780000	 -0.020169
706.800000	 -0.011616
706.820000	 -0.016550
706.840000	 -0.010958
706.860000	 -0.018195
706.880000	 -0.012274
706.900000	 -0.023788
706.920000	 -0.011616
706.940000	 -0.058002
706.960000	 -0.009971
706.980000	 -0.013589
707.000000	 -0.010629
707.020000	 -0.019182
707.040000	 -0.014247
707.060000	 -0.020498
707.080000	 -0.013589
707.100000	 -0.017866
707.120000	 -0.012274
707.140000	 -0.016879
707.160000	 -0.015563
707.180000	 -0.026420
707.200000	 -0.013589
707.220000	 -0.015234
707.240000	 -0.011616
707.260000	 -0.025104
707.280000	 -0.012602
707.300000	 -0.011945
707.320000	 -0.017208
707.340000	 -0.014247
707.360000	 -0.008984
707.380000	 -0.013918
707.400000	 -0.008984
707.420000	 -0.013918
707.440000	 -0.011945
707.460000	 -0.013918
707.480000	 -0.010300
707.500000	 -0.003720
707.520000	 -0.008326
707.540000	 -0.015563
707.560000	 -0.008326
707.580000	 -0.020498
707.600000	 -0.011287
707.620000	 -0.014576
707.640000	 -0.008655
707.660000	 -0.016221
707.680000	 -0.020827
707.700000	 -0.013918
707.720000	 -0.016221
707.740000	 -0.006023
707.760000	 -0.020169
707.780000	 -0.011616
707.800000	 -0.021485
707.820000	 -0.014576
707.840000	 -0.012602
707.860000	 -0.016221
707.880000	 -0.013918
707.900000	 -0.036947
707.920000	 -0.007010
707.940000	 -0.015234
707.960000	 -0.009642
707.980000	 -0.015892
708.000000	 -0.007339
708.020000	 -0.013260
708.040000	 -0.015563
708.060000	 -0.012274
708.080000	 -0.016879
708.100000	 -0.009313
708.120000	 -0.015234
708.140000	 -0.010629
708.160000	 -0.014247
708.180000	 -0.011616
708.200000	 -0.019511
708.220000	 -0.014576
708.240000	 -0.014905
708.260000	 -0.009642
708.280000	 -0.017208
708.300000	 -0.011287
708.320000	 -0.016221
708.340000	 -0.010300
708.360000	 -0.015892
708.380000	 -0.018195
708.400000	 -0.011287
708.420000	 -0.013918
708.440000	 -0.019182
708.460000	 -0.014247
708.480000	 -0.022472
708.500000	 -0.011616
708.520000	 -0.022801
708.540000	 -0.021156
708.560000	  0.000557
708.580000	 -0.014905
708.600000	 -0.013589
708.620000	 -0.038592
708.640000	 -0.016221
708.660000	 -0.014247
708.680000	 -0.020827
708.700000	 -0.009642
708.720000	 -0.014905
708.740000	 -0.011616
708.760000	 -0.018853
708.780000	 -0.009313
708.800000	 -0.013260
708.820000	 -0.011945
708.840000	 -0.018524
708.860000	 -0.012931
708.880000	 -0.020169
708.900000	 -0.012602
708.920000	 -0.020498
708.940000	 -0.012931
708.960000	 -0.015234
708.980000	 -0.010300
709.000000	 -0.012602
709.020000	 -0.009971
709.040000	 -0.016550
709.060000	 -0.013260
709.080000	 -0.015234
709.100000	 -0.005036
709.120000	 -0.011287
709.140000	 -0.009971
709.160000	 -0.013918
709.180000	 -0.012274
709.200000	 -0.001746
709.220000	 -0.015234
709.240000	 -0.015234
709.260000	 -0.009642
709.280000	 -0.012602
709.300000	 -0.027407
709.320000	 -0.033328
709.340000	 -0.016879
709.360000	 -0.022143
709.380000	 -0.008326
709.400000	 -0.015563
709.420000	 -0.013260
709.440000	 -0.011945
709.460000	 -0.018524
709.480000	 -0.009313
709.500000	 -0.016550
709.520000	 -0.016550
709.540000	 -0.020827
709.560000	 -0.059975
709.580000	 -0.018195
709.600000	 -0.014576
709.620000	 -0.014905
709.640000	 -0.012602
709.660000	 -0.011616
709.680000	 -0.017537
709.700000	 -0.027407
709.720000	 -0.017537
709.740000	 -0.019840
709.760000	 -0.013589
709.780000	 -0.013918
709.800000	 -0.020169
709.820000	 -0.011287
709.840000	 -0.008984
709.860000	 -0.012602
709.880000	 -0.008326
709.900000	 -0.014905
709.920000	 -0.020498
709.940000	 -0.013918
709.960000	 -0.012274
709.980000	 -0.015563
710.000000	 -0.013589
710.020000	  0.004504
710.040000	 -0.023130
710.060000	 -0.009971
710.080000	 -0.011287
710.100000	 -0.006023
710.120000	 -0.011287
710.140000	 -0.015892
710.160000	 -0.017866
710.180000	 -0.012602
710.200000	 -0.020827
710.220000	 -0.011945
710.240000	 -0.010958
710.260000	 -0.014905
710.280000	 -0.001417
710.300000	  0.004504
710.320000	 -0.014576
710.340000	 -0.015563
710.360000	 -0.013918
710.380000	 -0.004378
710.400000	 -0.017537
710.420000	 -0.018853
710.440000	 -0.008655
710.460000	 -0.015563
710.480000	 -0.016550
710.500000	 -0.020169
710.520000	 -0.011616
710.540000	 -0.021814
710.560000	 -0.051751
710.580000	 -0.018524
710.600000	 -0.011945
710.620000	 -0.014905
710.640000	 -0.016879
710.660000	 -0.018524
710.680000	 -0.009971
710.700000	 -0.020498
710.720000	 -0.017537
710.740000	 -0.011945
710.760000	 -0.010958
710.780000	 -0.013589
710.800000	 -0.012274
710.820000	 -0.015234
710.840000	 -0.018853
710.860000	 -0.014905
710.880000	 -0.007668
710.900000	 -0.010629
710.920000	 -0.018524
710.940000	 -0.013260
710.960000	 -0.022143
710.980000	 -0.010300
711.000000	 -0.014576
711.020000	 -0.014905
711.040000	 -0.012274
711.060000	 -0.013918
711.080000	 -0.015563
711.100000	 -0.016221
711.120000	 -0.011287
711.140000	 -0.032999
711.160000	 -0.015234
711.180000	 -0.016879
711.200000	 -0.016550
711.220000	 -0.015892
711.240000	 -0.013589
711.260000	 -0.016879
711.280000	 -0.016879
711.300000	 -0.014905
711.320000	 -0.011616
711.340000	 -0.017537
711.360000	 -0.014905
711.380000	 -0.014247
711.400000	 -0.010300
711.420000	 -0.022143
711.440000	 -0.009313
711.460000	 -0.049119
711.480000	 -0.016879
711.500000	 -0.018195
711.520000	 -0.009313
711.540000	 -0.016221
711.560000	 -0.018195
711.580000	 -0.014247
711.600000	 -0.024775
711.620000	 -0.014905
711.640000	 -0.017537
711.660000	 -0.020498
711.680000	 -0.016221
711.700000	 -0.017866
711.720000	 -0.020498
711.740000	 -0.048790
711.760000	 -0.015234
711.780000	 -0.011945
711.800000	 -0.016550
711.820000	 -0.014247
711.840000	 -0.001088
711.860000	 -0.010629
711.880000	 -0.012931
711.900000	 -0.011287
711.920000	 -0.016550
711.940000	 -0.015563
711.960000	 -0.017866
711.980000	 -0.021485
712.000000	 -0.018195
712.020000	 -0.015563
712.040000	 -0.028393
712.060000	 -0.016879
712.080000	 -0.020169
712.100000	 -0.009971
712.120000	 -0.017208
712.140000	 -0.011616
712.160000	 -0.011287
712.180000	 -0.014576
712.200000	 -0.018853
712.220000	 -0.037605
712.240000	 -0.017866
712.260000	 -0.036947
712.280000	 -0.012931
712.300000	 -0.015234
712.320000	 -0.016879
712.340000	 -0.019182
712.360000	 -0.049777
712.380000	 -0.016879
712.400000	 -0.022143
712.420000	 -0.015563
712.440000	 -0.020498
712.460000	 -0.014905
712.480000	 -0.014905
712.500000	 -0.019182
712.520000	 -0.017537
712.540000	 -0.016550
712.560000	 -0.016879
712.580000	 -0.014576
712.600000	 -0.012931
712.620000	 -0.012274
712.640000	 -0.013260
712.660000	 -0.013589
712.680000	 -0.017208
712.700000	 -0.014576
712.720000	 -0.013918
712.740000	 -0.016879
712.760000	 -0.012931
712.780000	 -0.018853
712.800000	 -0.012602
712.820000	 -0.014576
712.840000	 -0.016879
712.860000	 -0.018195
712.880000	 -0.016550
712.900000	 -0.015563
712.920000	 -0.017866
712.940000	 -0.017537
712.960000	 -0.015892
712.980000	 -0.013589
713.000000	 -0.018524
713.020000	 -0.014905
713.040000	 -0.017866
713.060000	 -0.054712
713.080000	 -0.017208
713.100000	 -0.018524
713.120000	 -0.014905
713.140000	 -0.011945
713.160000	 -0.014247
713.180000	 -0.019182
713.200000	 -0.016221
713.220000	 -0.041553
713.240000	 -0.012274
713.260000	 -0.016550
713.280000	 -0.022143
713.300000	 -0.015234
713.320000	 -0.014905
713.340000	 -0.040895
713.360000	 -0.011945
713.380000	 -0.015892
713.400000	 -0.015563
713.420000	 -0.015234
713.440000	 -0.010629
713.460000	 -0.040895
713.480000	 -0.011616
713.500000	 -0.020827
713.520000	 -0.007339
713.540000	 -0.018195
713.560000	 -0.012931
713.580000	 -0.024446
713.600000	 -0.011616
713.620000	 -0.020827
713.640000	 -0.015892
713.660000	 -0.012602
713.680000	 -0.035631
713.700000	 -0.014247
713.720000	 -0.012602
713.740000	 -0.021814
713.760000	 -0.015892
713.780000	 -0.017208
713.800000	 -0.011945
713.820000	 -0.018853
713.840000	 -0.010629
713.860000	 -0.015563
713.880000	 -0.015234
713.900000	 -0.019840
713.920000	 -0.019182
713.940000	 -0.012931
713.960000	 -0.027407
713.980000	 -0.009313
714.000000	 -0.019840
714.020000	 -0.012931
714.040000	 -0.013918
714.060000	 -0.013260
714.080000	 -0.016879
714.100000	 -0.012931
714.120000	 -0.010958
714.140000	 -0.015563
714.160000	 -0.008326
714.180000	 -0.015234
714.200000	 -0.012931
714.220000	 -0.018853
714.240000	 -0.013918
714.260000	 -0.017537
714.280000	 -0.013260
714.300000	 -0.015563
714.320000	 -0.011616
714.340000	 -0.010629
714.360000	 -0.017208
714.380000	 -0.015563
714.400000	 -0.014576
714.420000	 -0.011287
714.440000	 -0.017208
714.460000	 -0.010300
714.480000	 -0.019182
714.500000	 -0.014576
714.520000	 -0.018524
714.540000	 -0.015892
714.560000	 -0.011287
714.580000	 -0.000101
714.600000	 -0.017208
714.620000	 -0.010629
714.640000	 -0.029051
714.660000	 -0.010300
714.680000	 -0.018524
714.700000	 -0.019182
714.720000	 -0.046158
714.740000	 -0.008655
714.760000	 -0.017866
714.780000	 -0.033986
714.800000	 -0.020498
714.820000	 -0.021156
714.840000	 -0.012602
714.860000	 -0.009313
714.880000	 -0.037605
714.900000	 -0.016221
714.920000	 -0.015234
714.940000	 -0.015563
714.960000	 -0.021156
714.980000	 -0.013260
715.000000	 -0.020827
715.020000	 -0.007010
715.040000	 -0.017866
715.060000	 -0.008326
715.080000	 -0.021814
715.100000	 -0.021814
715.120000	 -0.015892
715.140000	 -0.016221
715.160000	 -0.018524
715.180000	 -0.012274
715.200000	 -0.019840
715.220000	 -0.012274
715.240000	 -0.015234
715.260000	 -0.012602
715.280000	 -0.023788
715.300000	 -0.013260
715.320000	 -0.015563
715.340000	 -0.011616
715.360000	 -0.019840
715.380000	 -0.014905
715.400000	 -0.029380
715.420000	 -0.013589
715.440000	 -0.021814
715.460000	 -0.001746
715.480000	 -0.024117
715.500000	 -0.014576
715.520000	 -0.017537
715.540000	 -0.016221
715.560000	 -0.022143
715.580000	 -0.032341
715.600000	 -0.024117
715.620000	 -0.014247
715.640000	 -0.025104
715.660000	 -0.010958
715.680000	 -0.021156
715.700000	 -0.013918
715.720000	 -0.016221
715.740000	 -0.012931
715.760000	 -0.013589
715.780000	 -0.021156
715.800000	 -0.014247
715.820000	 -0.026091
715.840000	 -0.015234
715.860000	 -0.018195
715.880000	 -0.015234
715.900000	 -0.021156
715.920000	 -0.013918
715.940000	 -0.014905
715.960000	 -0.015892
715.980000	 -0.016221
716.000000	 -0.013589
716.020000	 -0.022143
716.040000	 -0.018195
716.060000	 -0.017866
716.080000	 -0.038921
716.100000	 -0.018195
716.120000	 -0.011616
716.140000	 -0.016879
716.160000	 -0.011616
716.180000	 -0.020498
716.200000	 -0.005365
716.220000	 -0.016550
716.240000	 -0.010629
716.260000	 -0.020498
716.280000	 -0.012602
716.300000	 -0.019840
716.320000	 -0.037934
716.340000	 -0.016221
716.360000	 -0.014576
716.380000	 -0.013260
716.400000	 -0.011945
716.420000	 -0.032670
716.440000	 -0.011945
716.460000	 -0.012274
716.480000	 -0.027736
716.500000	 -0.011616
716.520000	 -0.019840
716.540000	 -0.009971
716.560000	 -0.022801
716.580000	 -0.013589
716.600000	 -0.016550
716.620000	 -0.012931
716.640000	 -0.022143
716.660000	 -0.010629
716.680000	 -0.017208
716.700000	 -0.027407
716.720000	 -0.030038
716.740000	 -0.009642
716.760000	 -0.045500
716.780000	 -0.012274
716.800000	 -0.014905
716.820000	 -0.017208
716.840000	 -0.012931
716.860000	 -0.007339
716.880000	 -0.015892
716.900000	 -0.016550
716.920000	 -0.014576
716.940000	 -0.014247
716.960000	 -0.014576
716.980000	 -0.015563
717.000000	 -0.012274
717.020000	 -0.010629
717.040000	 -0.013918
717.060000	 -0.017537
717.080000	 -0.014247
717.100000	 -0.016221
717.120000	 -0.017208
717.140000	 -0.007997
717.160000	 -0.018524
717.180000	 -0.016550
717.200000	  0.000228
717.220000	 -0.018853
717.240000	 -0.019182
717.260000	 -0.013918
717.280000	 -0.014247
717.300000	 -0.019182
717.320000	 -0.038921
717.340000	 -0.011945
717.360000	 -0.021485
717.380000	 -0.008326
717.400000	 -0.011616
717.420000	 -0.013589
717.440000	 -0.014576
717.460000	 -0.015234
717.480000	 -0.016221
717.500000	 -0.014576
717.520000	 -0.018524
717.540000	 -0.013260
717.560000	 -0.010300
717.580000	 -0.009642
717.600000	 -0.011945
717.620000	 -0.005365
717.640000	 -0.015563
717.660000	 -0.016879
717.680000	 -0.016221
717.700000	 -0.013589
717.720000	 -0.010958
717.740000	 -0.011287
717.760000	 -0.014905
717.780000	 -0.028064
717.800000	 -0.010958
717.820000	 -0.010300
717.840000	 -0.015892
717.860000	 -0.019182
717.880000	 -0.008984
717.900000	 -0.015892
717.920000	 -0.013260
717.940000	 -0.016221
717.960000	 -0.011616
717.980000	 -0.019182
718.000000	 -0.012931
718.020000	 -0.013260
718.040000	 -0.019511
718.060000	 -0.015563
718.080000	 -0.018524
718.100000	 -0.014247
718.120000	 -0.036289
718.140000	 -0.020498
718.160000	 -0.010958
718.180000	 -0.024446
718.200000	 -0.031683
718.220000	 -0.009971
718.240000	 -0.013260
718.260000	 -0.011287
718.280000	 -0.009313
718.300000	 -0.013260
718.320000	 -0.015563
718.340000	 -0.016221
718.360000	 -0.014247
718.380000	 -0.014576
718.400000	 -0.008655
718.420000	 -0.014905
718.440000	 -0.015234
718.460000	 -0.014247
718.480000	 -0.019840
718.500000	 -0.008655
718.520000	 -0.014247
718.540000	 -0.015892
718.560000	 -0.012602
718.580000	 -0.017537
718.600000	 -0.015234
718.620000	 -0.012602
718.640000	 -0.016879
718.660000	 -0.014576
718.680000	 -0.017866
718.700000	 -0.015892
718.720000	 -0.015234
718.740000	 -0.018853
718.760000	 -0.009642
718.780000	 -0.014576
718.800000	 -0.026420
718.820000	 -0.012931
718.840000	 -0.014905
718.860000	 -0.013260
718.880000	 -0.022801
718.900000	 -0.006352
718.920000	 -0.010958
718.940000	 -0.019182
718.960000	 -0.013918
718.980000	 -0.021485
719.000000	 -0.011945
719.020000	 -0.010629
719.040000	 -0.016879
719.060000	 -0.020498
719.080000	 -0.011616
719.100000	 -0.007997
719.120000	 -0.015892
719.140000	 -0.010629
719.160000	 -0.019182
719.180000	 -0.029051
719.200000	 -0.019511
719.220000	 -0.015892
719.240000	 -0.020169
719.260000	 -0.014576
719.280000	 -0.016879
719.300000	 -0.024775
719.320000	 -0.017866
719.340000	 -0.031683
719.360000	 -0.015892
719.380000	 -0.013918
719.400000	 -0.014576
719.420000	 -0.009971
719.440000	 -0.017208
719.460000	 -0.015892
719.480000	 -0.013260
719.500000	 -0.018524
719.520000	 -0.013918
719.540000	 -0.015234
719.560000	 -0.020169
719.580000	 -0.018195
719.600000	 -0.018853
719.620000	 -0.017537
719.640000	 -0.015892
719.660000	 -0.015563
719.680000	 -0.013918
719.700000	 -0.013260
719.720000	 -0.015563
719.740000	 -0.017208
719.760000	 -0.016221
719.780000	 -0.013260
719.800000	 -0.015892
719.820000	 -0.034644
719.840000	 -0.020498
719.860000	 -0.012931
719.880000	 -0.020498
719.900000	 -0.009642
719.920000	 -0.013918
719.940000	 -0.014905
719.960000	 -0.017208
719.980000	 -0.017866
720.000000	 -0.010958
720.020000	 -0.011945
720.040000	 -0.019511
720.060000	 -0.011287
720.080000	 -0.009313
720.100000	 -0.022801
720.120000	 -0.012274
720.140000	 -0.014576
720.160000	 -0.010629
720.180000	 -0.016550
720.200000	 -0.019840
720.220000	 -0.009642
720.240000	 -0.026749
720.260000	 -0.014247
720.280000	 -0.012931
720.300000	 -0.010629
720.320000	 -0.013260
720.340000	 -0.015563
720.360000	 -0.015234
720.380000	 -0.023459
720.400000	 -0.015892
720.420000	 -0.021814
720.440000	 -0.044842
720.460000	 -0.011616
720.480000	 -0.018524
720.500000	 -0.018853
720.520000	  0.000557
720.540000	 -0.011616
720.560000	 -0.024775
720.580000	 -0.017537
720.600000	 -0.014576
720.620000	 -0.017208
720.640000	 -0.010629
720.660000	 -0.015234
720.680000	 -0.019511
720.700000	 -0.009642
720.720000	 -0.017537
720.740000	 -0.015234
720.760000	 -0.013918
720.780000	 -0.015234
720.800000	 -0.011616
720.820000	 -0.010958
720.840000	 -0.023130
720.860000	 -0.012274
720.880000	 -0.023130
720.900000	 -0.016221
720.920000	 -0.016221
720.940000	 -0.010958
720.960000	 -0.036618
720.980000	 -0.019511
721.000000	 -0.014576
721.020000	 -0.011616
721.040000	 -0.016550
721.060000	 -0.020498
721.080000	 -0.013918
721.100000	 -0.013918
721.120000	 -0.016879
721.140000	 -0.009642
721.160000	 -0.014247
721.180000	 -0.018195
721.200000	 -0.016879
721.220000	 -0.017866
721.240000	 -0.016879
721.260000	 -0.008984
721.280000	 -0.016879
721.300000	 -0.019840
721.320000	 -0.017537
721.340000	 -0.012602
721.360000	 -0.018195
721.380000	 -0.015234
721.400000	 -0.012931
721.420000	 -0.021156
721.440000	 -0.022143
721.460000	 -0.018853
721.480000	 -0.012274
721.500000	 -0.017208
721.520000	 -0.011616
721.540000	 -0.019840
721.560000	 -0.034644
721.580000	 -0.015234
721.600000	 -0.006023
721.620000	 -0.015234
721.640000	 -0.016879
721.660000	 -0.017208
721.680000	 -0.009971
721.700000	 -0.036947
721.720000	 -0.019511
721.740000	 -0.009313
721.760000	 -0.015234
721.780000	 -0.012274
721.800000	 -0.010958
721.820000	 -0.016221
721.840000	 -0.017208
721.860000	 -0.011945
721.880000	 -0.018195
721.900000	 -0.016550
721.920000	 -0.037605
721.940000	 -0.018195
721.960000	 -0.016879
721.980000	 -0.017208
722.000000	 -0.034644
722.020000	 -0.017208
722.040000	 -0.020827
722.060000	 -0.019182
722.080000	 -0.022801
722.100000	 -0.016550
722.120000	 -0.014247
722.140000	 -0.013918
722.160000	 -0.015234
722.180000	 -0.007010
722.200000	 -0.024117
722.220000	 -0.013918
722.240000	 -0.024446
722.260000	 -0.010958
722.280000	 -0.010958
722.300000	 -0.014247
722.320000	 -0.010300
722.340000	 -0.009971
722.360000	 -0.020169
722.380000	 -0.010629
722.400000	 -0.012931
722.420000	 -0.016879
722.440000	 -0.012602
722.460000	 -0.017866
722.480000	 -0.018524
722.500000	 -0.015563
722.520000	 -0.012602
722.540000	 -0.011616
722.560000	 -0.014576
722.580000	 -0.021814
722.600000	 -0.009971
722.620000	 -0.012274
722.640000	 -0.016879
722.660000	 -0.017208
722.680000	 -0.026091
722.700000	 -0.011616
722.720000	 -0.017866
722.740000	 -0.014247
722.760000	 -0.015563
722.780000	 -0.012602
722.800000	 -0.013589
722.820000	 -0.012931
722.840000	 -0.007668
722.860000	 -0.008326
722.880000	 -0.029380
722.900000	 -0.010300
722.920000	 -0.016221
722.940000	 -0.017866
722.960000	 -0.010300
722.980000	 -0.013260
723.000000	 -0.012602
723.020000	 -0.014576
723.040000	 -0.016221
723.060000	 -0.012602
723.080000	 -0.017866
723.100000	 -0.014905
723.120000	 -0.016879
723.140000	 -0.021814
723.160000	 -0.009971
723.180000	 -0.018195
723.200000	 -0.014247
723.220000	 -0.026420
723.240000	 -0.019182
723.260000	 -0.014247
723.280000	 -0.015234
723.300000	 -0.020498
723.320000	 -0.011616
723.340000	 -0.015563
723.360000	 -0.013589
723.380000	 -0.013918
723.400000	 -0.016221
723.420000	 -0.006352
723.440000	 -0.020498
723.460000	 -0.011616
723.480000	 -0.011287
723.500000	 -0.022472
723.520000	 -0.010629
723.540000	 -0.013260
723.560000	 -0.009971
723.580000	 -0.015234
723.600000	 -0.018853
723.620000	 -0.017866
723.640000	 -0.015234
723.660000	 -0.023459
723.680000	 -0.007668
723.700000	 -0.011616
723.720000	 -0.014247
723.740000	 -0.019511
723.760000	 -0.013589
723.780000	 -0.019840
723.800000	 -0.012602
723.820000	 -0.010958
723.840000	 -0.015234
723.860000	 -0.014905
723.880000	 -0.013260
723.900000	 -0.013260
723.920000	 -0.009642
723.940000	 -0.019182
723.960000	 -0.015234
723.980000	 -0.016879
724.000000	 -0.005365
724.020000	 -0.016550
724.040000	 -0.023130
724.060000	 -0.010958
724.080000	 -0.023130
724.100000	 -0.014576
724.120000	 -0.018524
724.140000	 -0.019182
724.160000	 -0.015563
724.180000	 -0.018853
724.200000	 -0.015892
724.220000	 -0.015234
724.240000	 -0.052738
724.260000	 -0.013918
724.280000	 -0.013589
724.300000	 -0.022801
724.320000	 -0.015234
724.340000	 -0.014576
724.360000	 -0.012602
724.380000	 -0.014247
724.400000	 -0.013260
724.420000	 -0.046487
724.440000	 -0.014576
724.460000	 -0.012602
724.480000	 -0.013918
724.500000	 -0.022143
724.520000	 -0.012931
724.540000	 -0.011287
724.560000	 -0.009313
724.580000	 -0.011287
724.600000	 -0.015234
724.620000	 -0.014247
724.640000	 -0.015563
724.660000	 -0.012931
724.680000	 -0.020169
724.700000	 -0.008326
724.720000	 -0.018853
724.740000	 -0.057673
724.760000	 -0.010958
724.780000	 -0.029051
724.800000	 -0.015892
724.820000	 -0.019840
724.840000	 -0.013260
724.860000	 -0.009971
724.880000	 -0.013260
724.900000	 -0.065239
724.920000	 -0.025762
724.940000	 -0.010958
724.960000	 -0.011945
724.980000	 -0.016550
725.000000	 -0.009642
725.020000	 -0.013260
725.040000	 -0.018195
725.060000	 -0.012931
725.080000	 -0.009971
725.100000	 -0.021485
725.120000	 -0.011945
725.140000	 -0.017208
725.160000	 -0.011945
725.180000	 -0.042211
725.200000	 -0.015563
725.220000	 -0.011616
725.240000	 -0.014905
725.260000	 -0.011616
725.280000	 -0.024446
725.300000	 -0.018524
725.320000	 -0.015563
725.340000	 -0.017537
725.360000	 -0.012602
725.380000	 -0.009971
725.400000	 -0.014247
725.420000	 -0.022143
725.440000	 -0.011616
725.460000	 -0.046158
725.480000	 -0.018524
725.500000	 -0.010629
725.520000	 -0.019182
725.540000	 -0.014247
725.560000	 -0.017208
725.580000	 -0.017537
725.600000	 -0.007997
725.620000	 -0.014576
725.640000	 -0.010629
725.660000	 -0.017208
725.680000	 -0.017866
725.700000	 -0.011945
725.720000	 -0.012274
725.740000	 -0.012931
725.760000	 -0.018524
725.780000	 -0.028393
725.800000	 -0.012931
725.820000	 -0.010958
725.840000	 -0.012931
725.860000	 -0.019511
725.880000	 -0.012602
725.900000	 -0.014247
725.920000	 -0.014576
725.940000	 -0.015563
725.960000	 -0.013589
725.980000	 -0.018195
726.000000	 -0.016550
726.020000	 -0.009642
726.040000	 -0.020498
726.060000	 -0.012602
726.080000	 -0.014576
726.100000	 -0.013918
726.120000	 -0.011287
726.140000	 -0.009971
726.160000	 -0.008655
726.180000	 -0.010958
726.200000	 -0.010629
726.220000	 -0.017866
726.240000	 -0.016221
726.260000	 -0.014905
726.280000	 -0.018524
726.300000	 -0.042869
726.320000	 -0.008655
726.340000	 -0.017208
726.360000	 -0.012602
726.380000	 -0.019511
726.400000	 -0.017866
726.420000	 -0.010300
726.440000	 -0.013918
726.460000	 -0.009971
726.480000	 -0.013589
726.500000	 -0.018853
726.520000	 -0.013260
726.540000	 -0.010629
726.560000	 -0.011287
726.580000	 -0.015892
726.600000	 -0.009971
726.620000	 -0.035631
726.640000	 -0.021485
726.660000	 -0.018524
726.680000	 -0.011945
726.700000	 -0.012602
726.720000	 -0.012274
726.740000	 -0.016221
726.760000	 -0.017208
726.780000	 -0.010629
726.800000	 -0.018853
726.820000	 -0.008326
726.840000	 -0.013918
726.860000	 -0.020498
726.880000	 -0.011287
726.900000	 -0.016221
726.920000	 -0.015892
726.940000	 -0.044513
726.960000	 -0.013589
726.980000	 -0.014576
727.000000	 -0.019182
727.020000	 -0.009971
727.040000	 -0.015234
727.060000	 -0.011616
727.080000	 -0.014576
727.100000	 -0.007997
727.120000	 -0.016879
727.140000	 -0.016221
727.160000	 -0.014576
727.180000	 -0.013589
727.200000	 -0.018195
727.220000	 -0.015892
727.240000	 -0.007010
727.260000	 -0.018853
727.280000	 -0.016221
727.300000	 -0.018195
727.320000	 -0.006681
727.340000	 -0.013260
727.360000	 -0.011945
727.380000	 -0.013260
727.400000	 -0.010629
727.420000	 -0.027078
727.440000	 -0.014905
727.460000	 -0.014905
727.480000	 -0.013918
727.500000	 -0.008984
727.520000	 -0.019182
727.540000	 -0.050435
727.560000	 -0.011616
727.580000	 -0.009313
727.600000	 -0.013589
727.620000	 -0.006023
727.640000	 -0.009313
727.660000	 -0.047474
727.680000	 -0.010629
727.700000	 -0.013589
727.720000	 -0.031025
727.740000	 -0.008326
727.760000	 -0.007997
727.780000	 -0.011287
727.800000	 -0.009642
727.820000	 -0.019182
727.840000	 -0.008655
727.860000	 -0.017537
727.880000	 -0.011616
727.900000	 -0.018524
727.920000	 -0.009313
727.940000	 -0.015234
727.960000	 -0.023788
727.980000	 -0.015563
728.000000	 -0.017537
728.020000	 -0.008984
728.040000	 -0.016879
728.060000	 -0.014247
728.080000	 -0.011945
728.100000	 -0.018524
728.120000	 -0.011945
728.140000	 -0.007339
728.160000	 -0.013589
728.180000	 -0.010958
728.200000	 -0.014905
728.220000	 -0.018195
728.240000	 -0.012602
728.260000	 -0.015892
728.280000	 -0.013260
728.300000	 -0.012602
728.320000	 -0.013589
728.340000	 -0.020498
728.360000	 -0.011945
728.380000	 -0.014576
728.400000	 -0.010958
728.420000	 -0.015892
728.440000	 -0.016879
728.460000	 -0.017537
728.480000	 -0.013918
728.500000	 -0.013260
728.520000	 -0.037276
728.540000	 -0.011945
728.560000	 -0.014905
728.580000	 -0.024775
728.600000	 -0.012274
728.620000	 -0.010958
728.640000	 -0.014905
728.660000	 -0.013918
728.680000	 -0.013918
728.700000	 -0.013260
728.720000	 -0.007010
728.740000	 -0.017866
728.760000	 -0.022801
728.780000	 -0.035960
728.800000	  0.002860
728.820000	 -0.012602
728.840000	 -0.012931
728.860000	 -0.015563
728.880000	 -0.011945
728.900000	 -0.013918
728.920000	 -0.007668
728.940000	 -0.014576
728.960000	 -0.016879
728.980000	 -0.017537
729.000000	 -0.022801
729.020000	 -0.017208
729.040000	 -0.009313
729.060000	 -0.015234
729.080000	 -0.014576
729.100000	 -0.012602
729.120000	 -0.014905
729.140000	 -0.011616
729.160000	 -0.040895
729.180000	 -0.015234
729.200000	 -0.014905
729.220000	 -0.015234
729.240000	 -0.010629
729.260000	 -0.035960
729.280000	 -0.017537
729.300000	 -0.011287
729.320000	 -0.020169
729.340000	 -0.011945
729.360000	 -0.013918
729.380000	 -0.009642
729.400000	 -0.012602
729.420000	 -0.000430
729.440000	 -0.013589
729.460000	 -0.008326
729.480000	 -0.010629
729.500000	 -0.015892
729.520000	 -0.015563
729.540000	 -0.012931
729.560000	 -0.009313
729.580000	 -0.016879
729.600000	 -0.024446
729.620000	 -0.010629
729.640000	 -0.002733
729.660000	 -0.017866
729.680000	 -0.009642
729.700000	 -0.013918
729.720000	 -0.008984
729.740000	 -0.015892
729.760000	 -0.016879
729.780000	 -0.014905
729.800000	 -0.016879
729.820000	 -0.010629
729.840000	 -0.003720
729.860000	 -0.011945
729.880000	 -0.009971
729.900000	 -0.029051
729.920000	 -0.027407
729.940000	 -0.014905
729.960000	 -0.004707
729.980000	 -0.011287
730.000000	 -0.016550
730.020000	 -0.082675
730.040000	 -0.014905
730.060000	 -0.009313
730.080000	 -0.012274
730.100000	 -0.003391
730.120000	 -0.009642
730.140000	 -0.015234
730.160000	 -0.027078
730.180000	 -0.008655
730.200000	 -0.013260
730.220000	 -0.038263
730.240000	 -0.023788
730.260000	 -0.043527
730.280000	 -0.011945
730.300000	 -0.034315
730.320000	 -0.019511
730.340000	 -0.014576
730.360000	 -0.017866
730.380000	 -0.016879
730.400000	 -0.012931
730.420000	 -0.015563
730.440000	 -0.008326
730.460000	 -0.017208
730.480000	 -0.014576
730.500000	 -0.013918
730.520000	 -0.011616
730.540000	 -0.008655
730.560000	 -0.015234
730.580000	 -0.026091
730.600000	 -0.016550
730.620000	 -0.018195
730.640000	 -0.012274
730.660000	 -0.012931
730.680000	 -0.012931
730.700000	 -0.016221
730.720000	 -0.010629
730.740000	 -0.017537
730.760000	 -0.008984
730.780000	 -0.013918
730.800000	 -0.018853
730.820000	 -0.012602
730.840000	 -0.016550
730.860000	 -0.003720
730.880000	 -0.015892
730.900000	 -0.019840
730.920000	 -0.013260
730.940000	 -0.014576
730.960000	 -0.014247
730.980000	 -0.010300
731.000000	 -0.016221
731.020000	 -0.014247
731.040000	 -0.012931
731.060000	 -0.016221
731.080000	 -0.017866
731.100000	 -0.009971
731.120000	 -0.018195
731.140000	 -0.012274
731.160000	 -0.011616
731.180000	 -0.016879
731.200000	 -0.007010
731.220000	 -0.008655
731.240000	 -0.017208
731.260000	 -0.011945
731.280000	 -0.017866
731.300000	 -0.017866
731.320000	 -0.007339
731.340000	 -0.017208
731.360000	 -0.013589
731.380000	 -0.019182
731.400000	 -0.024117
731.420000	 -0.013260
731.440000	 -0.014576
731.460000	 -0.011287
731.480000	 -0.013918
731.500000	 -0.014247
731.520000	 -0.009313
731.540000	 -0.013589
731.560000	 -0.017208
731.580000	 -0.007010
731.600000	 -0.011945
731.620000	 -0.008655
731.640000	 -0.011945
731.660000	 -0.016550
731.680000	 -0.022801
731.700000	 -0.009313
731.720000	 -0.015563
731.740000	 -0.017537
731.760000	 -0.011616
731.780000	 -0.015563
731.800000	 -0.011287
731.820000	 -0.007997
731.840000	 -0.012274
731.860000	 -0.015563
731.880000	 -0.008984
731.900000	 -0.009642
731.920000	 -0.017537
731.940000	 -0.008655
731.960000	 -0.008984
731.980000	 -0.016879
732.000000	 -0.017866
732.020000	 -0.017208
732.040000	 -0.012602
732.060000	 -0.014905
732.080000	 -0.015234
732.100000	 -0.009971
732.120000	 -0.012274
732.140000	 -0.014576
732.160000	 -0.004378
732.180000	 -0.012274
732.200000	 -0.019182
732.220000	 -0.009971
732.240000	 -0.033986
732.260000	 -0.011616
732.280000	 -0.013260
732.300000	 -0.016879
732.320000	 -0.011945
732.340000	 -0.015892
732.360000	 -0.015563
732.380000	 -0.012274
732.400000	 -0.017208
732.420000	 -0.008326
732.440000	 -0.015892
732.460000	 -0.010300
732.480000	 -0.020498
732.500000	 -0.009642
732.520000	 -0.014576
732.540000	 -0.018195
732.560000	 -0.010629
732.580000	 -0.010958
732.600000	 -0.013589
732.620000	 -0.025762
732.640000	 -0.017537
732.660000	 -0.009971
732.680000	 -0.011616
732.700000	 -0.017208
732.720000	 -0.015563
732.740000	 -0.021814
732.760000	 -0.012274
732.780000	 -0.031354
732.800000	 -0.010958
732.820000	 -0.018195
732.840000	 -0.014905
732.860000	 -0.064581
732.880000	 -0.008984
732.900000	 -0.022143
732.920000	 -0.007010
732.940000	 -0.011945
732.960000	 -0.017208
732.980000	 -0.014905
733.000000	 -0.017208
733.020000	 -0.010300
733.040000	 -0.014905
733.060000	 -0.010629
733.080000	 -0.014576
733.100000	 -0.013589
733.120000	 -0.012274
733.140000	 -0.012931
733.160000	 -0.009313
733.180000	 -0.034644
733.200000	 -0.011945
733.220000	 -0.007668
733.240000	 -0.014576
733.260000	 -0.010958
733.280000	 -0.012274
733.300000	 -0.014576
733.320000	 -0.009313
733.340000	 -0.011616
733.360000	 -0.009313
733.380000	 -0.011287
733.400000	 -0.013918
733.420000	 -0.014247
733.440000	 -0.011945
733.460000	 -0.010958
733.480000	 -0.016221
733.500000	 -0.014247
733.520000	 -0.027407
733.540000	 -0.017537
733.560000	 -0.005694
733.580000	 -0.012931
733.600000	 -0.017537
733.620000	 -0.030367
733.640000	 -0.031025
733.660000	 -0.011287
733.680000	 -0.007997
733.700000	 -0.009971
733.720000	 -0.010629
733.740000	 -0.011945
733.760000	 -0.013260
733.780000	 -0.014247
733.800000	 -0.013918
733.820000	 -0.010958
733.840000	 -0.022472
733.860000	 -0.007997
733.880000	 -0.010958
733.900000	 -0.007339
733.920000	 -0.040237
733.940000	 -0.009313
733.960000	 -0.011616
733.980000	 -0.015234
734.000000	 -0.013589
734.020000	 -0.011945
734.040000	 -0.007010
734.060000	 -0.018195
734.080000	 -0.029380
734.100000	 -0.024446
734.120000	 -0.013260
734.140000	 -0.002404
734.160000	 -0.044842
734.180000	 -0.007339
734.200000	 -0.014247
734.220000	 -0.010300
734.240000	  0.007136
734.260000	 -0.015563
734.280000	 -0.016221
734.300000	 -0.007339
734.320000	 -0.013589
734.340000	 -0.018195
734.360000	 -0.017866
734.380000	 -0.014247
734.400000	 -0.013589
734.420000	 -0.048461
734.440000	 -0.014905
734.460000	 -0.006352
734.480000	 -0.007997
734.500000	 -0.013260
734.520000	 -0.021485
734.540000	 -0.012602
734.560000	 -0.020169
734.580000	 -0.009971
734.600000	 -0.010958
734.620000	 -0.015892
734.640000	 -0.016550
734.660000	 -0.007668
734.680000	 -0.013589
734.700000	 -0.016221
734.720000	 -0.006023
734.740000	 -0.013589
734.760000	 -0.015234
734.780000	 -0.011287
734.800000	 -0.011287
734.820000	 -0.009971
734.840000	 -0.013260
734.860000	 -0.011616
734.880000	 -0.009971
734.900000	 -0.019840
734.920000	 -0.012931
734.940000	 -0.013918
734.960000	 -0.064581
734.980000	 -0.023788
735.000000	 -0.017208
735.020000	 -0.007339
735.040000	 -0.008326
735.060000	 -0.015234
735.080000	 -0.044513
735.100000	 -0.013918
735.120000	 -0.011945
735.140000	 -0.011616
735.160000	 -0.016221
735.180000	 -0.018524
735.200000	 -0.009971
735.220000	 -0.017866
735.240000	 -0.000759
735.260000	 -0.010629
735.280000	 -0.011945
735.300000	 -0.005036
735.320000	 -0.017866
735.340000	 -0.015892
735.360000	 -0.012602
735.380000	 -0.013918
735.400000	 -0.017208
735.420000	 -0.009642
735.440000	 -0.017866
735.460000	 -0.013918
735.480000	 -0.015234
735.500000	 -0.021156
735.520000	 -0.014576
735.540000	 -0.015234
735.560000	 -0.013589
735.580000	 -0.010958
735.600000	 -0.016221
735.620000	 -0.021485
735.640000	 -0.015563
735.660000	 -0.020169
735.680000	 -0.015892
735.700000	 -0.009971
735.720000	 -0.011616
735.740000	 -0.012931
735.760000	 -0.017208
735.780000	 -0.008984
735.800000	 -0.021814
735.820000	 -0.013260
735.840000	 -0.010629
735.860000	 -0.020169
735.880000	 -0.000759
735.900000	 -0.011287
735.920000	 -0.011616
735.940000	 -0.013260
735.960000	 -0.037934
735.980000	 -0.012602
736.000000	 -0.017537
736.020000	 -0.011616
736.040000	 -0.012931
736.060000	 -0.034644
736.080000	 -0.019840
736.100000	 -0.018524
736.120000	 -0.011616
736.140000	 -0.017208
736.160000	 -0.016879
736.180000	 -0.015563
736.200000	 -0.031025
736.220000	 -0.008655
736.240000	 -0.019840
736.260000	 -0.010300
736.280000	 -0.009971
736.300000	 -0.019182
736.320000	 -0.014576
736.340000	 -0.018524
736.360000	 -0.021156
736.380000	 -0.018195
736.400000	 -0.009642
736.420000	 -0.041224
736.440000	 -0.014576
736.460000	 -0.010629
736.480000	 -0.014247
736.500000	 -0.023459
736.520000	 -0.013918
736.540000	 -0.013260
736.560000	 -0.020827
736.580000	 -0.008326
736.600000	 -0.018195
736.620000	 -0.012274
736.640000	 -0.012274
736.660000	 -0.011616
736.680000	 -0.011287
736.700000	 -0.020169
736.720000	 -0.012602
736.740000	 -0.013260
736.760000	 -0.037934
736.780000	 -0.012931
736.800000	 -0.015234
736.820000	 -0.008655
736.840000	 -0.013260
736.860000	 -0.010958
736.880000	 -0.012602
736.900000	 -0.021814
736.920000	 -0.012274
736.940000	 -0.001088
736.960000	 -0.018853
736.980000	 -0.009971
737.000000	 -0.013918
737.020000	 -0.013589
737.040000	 -0.038592
737.060000	 -0.015892
737.080000	 -0.010629
737.100000	 -0.011945
737.120000	 -0.018195
737.140000	 -0.006023
737.160000	 -0.019840
737.180000	 -0.015563
737.200000	 -0.013260
737.220000	 -0.014576
737.240000	 -0.012931
737.260000	 -0.019182
737.280000	 -0.011616
737.300000	 -0.017537
737.320000	 -0.011287
737.340000	 -0.012274
737.360000	 -0.013589
737.380000	 -0.014247
737.400000	 -0.013260
737.420000	 -0.024117
737.440000	 -0.011945
737.460000	 -0.011945
737.480000	 -0.013260
737.500000	 -0.013260
737.520000	 -0.013260
737.540000	 -0.012931
737.560000	 -0.015234
737.580000	 -0.009642
737.600000	 -0.017537
737.620000	 -0.005694
737.640000	 -0.014905
737.660000	 -0.016221
737.680000	 -0.011287
737.700000	 -0.015892
737.720000	 -0.015892
737.740000	 -0.039908
737.760000	 -0.019182
737.780000	 -0.018853
737.800000	 -0.010629
737.820000	 -0.042540
737.840000	 -0.014576
737.860000	 -0.013918
737.880000	 -0.017537
737.900000	 -0.007339
737.920000	 -0.025433
737.940000	 -0.017537
737.960000	 -0.014905
737.980000	  0.001873
738.000000	 -0.013589
738.020000	 -0.011945
738.040000	 -0.014247
738.060000	 -0.017537
738.080000	 -0.013918
738.100000	 -0.027407
738.120000	 -0.009313
738.140000	 -0.010300
738.160000	 -0.014576
738.180000	 -0.013918
738.200000	 -0.001417
738.220000	 -0.023459
738.240000	 -0.015234
738.260000	 -0.011945
738.280000	 -0.014576
738.300000	 -0.014247
738.320000	 -0.005036
738.340000	 -0.016879
738.360000	 -0.014576
738.380000	 -0.009642
738.400000	 -0.012931
738.420000	 -0.013918
738.440000	 -0.016879
738.460000	 -0.018853
738.480000	 -0.022472
738.500000	 -0.035960
738.520000	 -0.013589
738.540000	 -0.011287
738.560000	 -0.009971
738.580000	 -0.014576
738.600000	 -0.011287
738.620000	 -0.026420
738.640000	 -0.032341
738.660000	 -0.049119
738.680000	 -0.016550
738.700000	 -0.019840
738.720000	 -0.015234
738.740000	 -0.016879
738.760000	 -0.020498
738.780000	 -0.009971
738.800000	 -0.018853
738.820000	 -0.015892
738.840000	 -0.019182
738.860000	 -0.014905
738.880000	 -0.013589
738.900000	 -0.017208
738.920000	 -0.015234
738.940000	 -0.010300
738.960000	 -0.021485
738.980000	 -0.014576
739.000000	 -0.013918
739.020000	 -0.011616
739.040000	 -0.020498
739.060000	 -0.011616
739.080000	 -0.017537
739.100000	 -0.017866
739.120000	 -0.015563
739.140000	 -0.011287
739.160000	 -0.044513
739.180000	 -0.013918
739.200000	 -0.017208
739.220000	 -0.016550
739.240000	 -0.018195
739.260000	 -0.013918
739.280000	 -0.014905
739.300000	 -0.017537
739.320000	 -0.011616
739.340000	 -0.009313
739.360000	 -0.020498
739.380000	 -0.015892
739.400000	 -0.011287
739.420000	 -0.038592
739.440000	 -0.020827
739.460000	 -0.011616
739.480000	 -0.010629
739.500000	 -0.020169
739.520000	  0.004175
739.540000	 -0.019182
739.560000	 -0.014576
739.580000	 -0.024775
739.600000	 -0.018524
739.620000	 -0.011287
739.640000	 -0.014247
739.660000	 -0.015563
739.680000	 -0.047803
739.700000	 -0.018524
739.720000	 -0.014905
739.740000	 -0.012931
739.760000	 -0.020827
739.780000	 -0.017208
739.800000	 -0.012274
739.820000	 -0.021814
739.840000	 -0.009971
739.860000	 -0.011616
739.880000	 -0.016221
739.900000	 -0.017537
739.920000	 -0.006681
739.940000	 -0.009313
739.960000	 -0.015892
739.980000	 -0.019511
740.000000	 -0.020827
740.020000	 -0.019182
740.040000	 -0.020498
740.060000	 -0.010300
740.080000	 -0.016550
740.100000	 -0.020169
740.120000	 -0.018195
740.140000	 -0.012274
740.160000	 -0.017537
740.180000	 -0.008326
740.200000	 -0.016879
740.220000	 -0.011945
740.240000	 -0.011616
740.260000	 -0.019511
740.280000	 -0.014905
740.300000	 -0.021485
740.320000	 -0.010629
740.340000	 -0.055699
740.360000	 -0.009971
740.380000	 -0.009313
740.400000	 -0.014905
740.420000	 -0.019840
740.440000	 -0.012274
740.460000	 -0.018853
740.480000	 -0.015892
740.500000	 -0.019511
740.520000	 -0.016879
740.540000	 -0.020498
740.560000	 -0.018524
740.580000	 -0.016550
740.600000	 -0.020169
740.620000	 -0.013589
740.640000	 -0.013260
740.660000	 -0.012274
740.680000	 -0.015892
740.700000	 -0.023459
740.720000	 -0.011616
740.740000	 -0.019182
740.760000	 -0.014576
740.780000	 -0.016879
740.800000	 -0.028064
740.820000	 -0.019182
740.840000	 -0.010629
740.860000	 -0.012602
740.880000	 -0.018524
740.900000	 -0.017208
740.920000	 -0.018524
740.940000	 -0.019182
740.960000	 -0.018195
740.980000	 -0.015234
741.000000	 -0.021156
741.020000	 -0.016879
741.040000	 -0.010958
741.060000	 -0.012602
741.080000	 -0.016221
741.100000	 -0.014905
741.120000	 -0.011616
741.140000	 -0.029380
741.160000	 -0.028393
741.180000	 -0.011945
741.200000	 -0.012274
741.220000	 -0.015234
741.240000	 -0.013260
741.260000	 -0.018195
741.280000	 -0.014905
741.300000	 -0.012602
741.320000	 -0.016879
741.340000	 -0.035960
741.360000	 -0.013260
741.380000	 -0.017866
741.400000	 -0.013918
741.420000	 -0.043527
741.440000	 -0.022472
741.460000	 -0.008984
741.480000	 -0.013260
741.500000	 -0.037605
741.520000	 -0.018195
741.540000	 -0.016221
741.560000	 -0.012602
741.580000	 -0.021814
741.600000	 -0.015234
741.620000	 -0.021156
741.640000	 -0.009642
741.660000	 -0.015892
741.680000	 -0.011945
741.700000	 -0.011287
741.720000	 -0.015892
741.740000	 -0.014905
741.760000	 -0.012931
741.780000	 -0.015892
741.800000	 -0.010300
741.820000	 -0.018195
741.840000	 -0.008326
741.860000	 -0.014247
741.880000	 -0.015892
741.900000	 -0.012931
741.920000	 -0.032012
741.940000	 -0.020169
741.960000	 -0.017866
741.980000	 -0.010958
742.000000	 -0.017208
742.020000	 -0.015234
742.040000	 -0.013260
742.060000	 -0.010958
742.080000	 -0.011616
742.100000	 -0.021485
742.120000	 -0.012931
742.140000	 -0.013260
742.160000	 -0.015234
742.180000	 -0.009313
742.200000	 -0.009642
742.220000	 -0.015563
742.240000	 -0.012274
742.260000	 -0.017866
742.280000	 -0.014247
742.300000	 -0.013589
742.320000	 -0.014247
742.340000	 -0.020827
742.360000	 -0.015234
742.380000	 -0.016550
742.400000	 -0.013260
742.420000	 -0.016221
742.440000	 -0.012274
742.460000	 -0.009971
742.480000	 -0.013918
742.500000	 -0.017866
742.520000	 -0.014905
742.540000	 -0.008326
742.560000	 -0.016221
742.580000	 -0.017208
742.600000	 -0.012931
742.620000	 -0.013260
742.640000	 -0.019840
742.660000	 -0.052080
742.680000	 -0.008984
742.700000	 -0.011616
742.720000	 -0.016221
742.740000	 -0.023459
742.760000	 -0.016879
742.780000	 -0.014576
742.800000	 -0.013589
742.820000	 -0.011287
742.840000	 -0.020169
742.860000	 -0.023459
742.880000	 -0.016221
742.900000	 -0.010629
742.920000	 -0.047803
742.940000	 -0.018195
742.960000	 -0.039250
742.980000	 -0.009971
743.000000	 -0.026091
743.020000	 -0.012274
743.040000	 -0.011945
743.060000	 -0.018853
743.080000	 -0.013918
743.100000	 -0.008326
743.120000	 -0.016550
743.140000	 -0.017208
743.160000	 -0.015563
743.180000	 -0.014247
743.200000	 -0.013260
743.220000	 -0.015563
743.240000	 -0.019840
743.260000	 -0.013260
743.280000	 -0.021156
743.300000	 -0.016550
743.320000	 -0.017537
743.340000	 -0.013918
743.360000	 -0.040237
743.380000	 -0.019840
743.400000	 -0.021814
743.420000	 -0.011616
743.440000	 -0.010958
743.460000	 -0.031354
743.480000	 -0.012274
743.500000	 -0.021814
743.520000	 -0.016879
743.540000	 -0.042211
743.560000	 -0.014247
743.580000	 -0.017866
743.600000	 -0.013589
743.620000	 -0.016879
743.640000	 -0.018195
743.660000	 -0.017537
743.680000	 -0.010958
743.700000	 -0.015234
743.720000	 -0.018195
743.740000	 -0.009971
743.760000	 -0.030696
743.780000	 -0.019840
743.800000	 -0.016550
743.820000	 -0.013589
743.840000	 -0.017537
743.860000	 -0.018524
743.880000	 -0.011616
743.900000	 -0.012274
743.920000	 -0.019182
743.940000	 -0.036289
743.960000	 -0.014576
743.980000	 -0.021485
744.000000	 -0.050106
744.020000	 -0.012931
744.040000	 -0.017208
744.060000	 -0.014576
744.080000	 -0.020169
744.100000	 -0.010300
744.120000	 -0.048132
744.140000	 -0.013260
744.160000	 -0.010958
744.180000	 -0.022472
744.200000	 -0.016550
744.220000	 -0.015234
744.240000	 -0.014247
744.260000	 -0.017208
744.280000	 -0.009642
744.300000	  0.005491
744.320000	 -0.010300
744.340000	 -0.016221
744.360000	 -0.014576
744.380000	 -0.013589
744.400000	  0.004504
744.420000	 -0.010958
744.440000	 -0.015234
744.460000	 -0.013589
744.480000	 -0.012602
744.500000	 -0.004378
744.520000	 -0.012931
744.540000	 -0.016221
744.560000	 -0.010958
744.580000	 -0.018195
744.600000	 -0.013260
744.620000	 -0.014905
744.640000	 -0.019182
744.660000	 -0.016550
744.680000	 -0.015563
744.700000	 -0.014247
744.720000	 -0.019511
744.740000	 -0.013589
744.760000	 -0.019840
744.780000	 -0.012602
744.800000	 -0.017208
744.820000	 -0.007997
744.840000	 -0.009971
744.860000	 -0.018524
744.880000	 -0.013260
744.900000	 -0.023788
744.920000	 -0.022472
744.940000	 -0.009971
744.960000	 -0.016221
744.980000	 -0.023788
745.000000	 -0.014247
745.020000	 -0.017537
745.040000	 -0.007668
745.060000	 -0.024775
745.080000	 -0.019511
745.100000	 -0.019511
745.120000	 -0.015563
745.140000	 -0.016221
745.160000	 -0.010629
745.180000	 -0.013589
745.200000	 -0.014576
745.220000	 -0.011945
745.240000	 -0.007997
745.260000	 -0.014905
745.280000	 -0.011616
745.300000	 -0.014905
745.320000	 -0.007997
745.340000	 -0.008984
745.360000	 -0.018853
745.380000	 -0.016221
745.400000	 -0.013918
745.420000	 -0.020169
745.440000	 -0.013589
745.460000	 -0.017208
745.480000	 -0.017208
745.500000	 -0.013918
745.520000	 -0.021485
745.540000	 -0.025104
745.560000	 -0.072148
745.580000	 -0.010629
745.600000	 -0.015234
745.620000	 -0.022143
745.640000	 -0.018524
745.660000	 -0.012274
745.680000	 -0.013589
745.700000	 -0.018195
745.720000	 -0.015892
745.740000	 -0.055699
745.760000	 -0.012602
745.780000	 -0.014576
745.800000	 -0.019840
745.820000	 -0.030038
745.840000	 -0.010629
745.860000	 -0.010958
745.880000	 -0.014905
745.900000	 -0.007339
745.920000	 -0.013260
745.940000	 -0.012931
745.960000	 -0.016221
745.980000	 -0.012274
746.000000	 -0.017866
746.020000	 -0.019182
746.040000	 -0.017537
746.060000	 -0.013918
746.080000	 -0.014247
746.100000	 -0.022143
746.120000	 -0.012602
746.140000	 -0.017208
746.160000	 -0.019511
746.180000	 -0.017208
746.200000	 -0.019182
746.220000	 -0.013589
746.240000	 -0.017537
746.260000	 -0.011287
746.280000	 -0.011616
746.300000	 -0.014576
746.320000	 -0.004378
746.340000	 -0.016221
746.360000	 -0.014576
746.380000	 -0.012274
746.400000	 -0.014905
746.420000	 -0.013918
746.440000	 -0.014905
746.460000	 -0.019511
746.480000	 -0.020169
746.500000	 -0.018853
746.520000	 -0.014247
746.540000	 -0.012274
746.560000	 -0.013918
746.580000	 -0.021814
746.600000	 -0.016550
746.620000	 -0.018853
746.640000	 -0.017537
746.660000	 -0.014576
746.680000	 -0.023788
746.700000	 -0.032012
746.720000	 -0.022143
746.740000	 -0.016550
746.760000	 -0.011616
746.780000	 -0.016221
746.800000	 -0.011945
746.820000	 -0.018524
746.840000	 -0.018524
746.860000	 -0.013918
746.880000	 -0.010629
746.900000	 -0.004378
746.920000	 -0.019182
746.940000	 -0.010958
746.960000	 -0.015563
746.980000	 -0.017208
747.000000	 -0.020169
747.020000	 -0.038263
747.040000	 -0.017866
747.060000	 -0.018524
747.080000	 -0.020498
747.100000	 -0.016550
747.120000	 -0.047474
747.140000	 -0.009971
747.160000	 -0.019840
747.180000	 -0.008655
747.200000	 -0.017208
747.220000	 -0.017208
747.240000	 -0.015234
747.260000	 -0.008984
747.280000	 -0.011616
747.300000	 -0.016221
747.320000	 -0.012931
747.340000	 -0.015563
747.360000	 -0.015563
747.380000	 -0.012931
747.400000	 -0.004707
747.420000	 -0.022472
747.440000	 -0.012274
747.460000	 -0.032012
747.480000	 -0.015234
747.500000	 -0.021814
747.520000	 -0.018195
747.540000	 -0.013918
747.560000	 -0.012931
747.580000	 -0.029051
747.600000	 -0.017208
747.620000	 -0.010958
747.640000	 -0.019182
747.660000	 -0.011287
747.680000	 -0.018524
747.700000	 -0.057015
747.720000	 -0.013260
747.740000	 -0.013589
747.760000	 -0.009971
747.780000	 -0.017866
747.800000	 -0.013918
747.820000	 -0.017537
747.840000	 -0.010958
747.860000	 -0.022472
747.880000	 -0.018853
747.900000	 -0.014247
747.920000	 -0.010958
747.940000	 -0.018524
747.960000	 -0.011945
747.980000	 -0.017866
748.000000	 -0.016550
748.020000	 -0.022143
748.040000	 -0.016221
748.060000	 -0.012931
748.080000	 -0.016550
748.100000	 -0.014576
748.120000	 -0.013918
748.140000	 -0.017208
748.160000	 -0.015892
748.180000	 -0.015563
748.200000	 -0.012931
748.220000	 -0.014247
748.240000	 -0.015234
748.260000	 -0.015892
748.280000	 -0.016879
748.300000	 -0.014905
748.320000	 -0.014247
748.340000	 -0.011945
748.360000	 -0.012274
748.380000	 -0.010629
748.400000	 -0.014576
748.420000	 -0.014576
748.440000	 -0.020498
748.460000	 -0.023130
748.480000	 -0.014905
748.500000	 -0.009971
748.520000	 -0.018853
748.540000	 -0.015563
748.560000	 -0.014905
748.580000	 -0.018524
748.600000	 -0.008984
748.620000	 -0.013589
748.640000	 -0.017537
748.660000	 -0.015563
748.680000	 -0.015234
748.700000	 -0.091886
748.720000	 -0.007668
748.740000	 -0.018524
748.760000	 -0.016550
748.780000	 -0.010300
748.800000	 -0.014247
748.820000	 -0.051751
748.840000	 -0.019511
748.860000	 -0.044513
748.880000	 -0.027078
748.900000	 -0.015234
748.920000	 -0.012931
748.940000	 -0.012602
748.960000	 -0.017208
748.980000	 -0.019511
749.000000	 -0.012931
749.020000	 -0.020498
749.040000	 -0.010958
749.060000	 -0.012274
749.080000	 -0.020498
749.100000	 -0.011287
749.120000	 -0.016879
749.140000	 -0.009642
749.160000	 -0.013918
749.180000	 -0.017208
749.200000	 -0.013918
749.220000	 -0.015234
749.240000	 -0.018853
749.260000	 -0.012274
749.280000	 -0.012931
749.300000	 -0.014905
749.320000	 -0.012274
749.340000	 -0.019511
749.360000	 -0.015563
749.380000	 -0.021156
749.400000	 -0.015563
749.420000	 -0.014576
749.440000	 -0.016550
749.460000	 -0.014247
749.480000	 -0.021814
749.500000	 -0.015563
749.520000	 -0.019182
749.540000	 -0.014576
749.560000	 -0.015563
749.580000	 -0.014247
749.600000	 -0.016879
749.620000	 -0.009642
749.640000	 -0.010629
749.660000	 -0.017537
749.680000	 -0.012602
749.700000	 -0.020827
749.720000	 -0.012274
749.740000	 -0.015234
749.760000	 -0.024446
749.780000	 -0.030038
749.800000	 -0.017866
749.820000	 -0.018195
749.840000	 -0.014905
749.860000	 -0.011616
749.880000	 -0.016550
749.900000	 -0.014576
749.920000	 -0.020498
749.940000	 -0.014576
749.960000	 -0.013589
749.980000	 -0.012274
750.000000	 -0.018524
750.020000	 -0.008655
750.040000	 -0.015234
750.060000	 -0.071161
750.080000	 -0.013918
750.100000	 -0.026749
750.120000	 -0.016550
750.140000	 -0.015892
750.160000	 -0.023459
750.180000	 -0.012274
750.200000	 -0.008984
750.220000	 -0.014576
750.240000	 -0.019840
750.260000	 -0.014247
750.280000	 -0.018853
750.300000	 -0.014576
750.320000	 -0.017537
750.340000	 -0.015563
750.360000	 -0.009971
750.380000	 -0.018195
750.400000	 -0.055370
750.420000	 -0.016221
750.440000	 -0.017866
750.460000	 -0.017537
750.480000	 -0.014247
750.500000	 -0.020169
750.520000	 -0.010958
750.540000	 -0.019182
750.560000	 -0.021156
750.580000	 -0.017866
750.600000	 -0.018853
750.620000	 -0.017208
750.640000	 -0.031354
750.660000	 -0.019511
750.680000	 -0.010300
750.700000	 -0.017537
750.720000	 -0.019840
750.740000	 -0.016221
750.760000	 -0.019182
750.780000	 -0.024446
750.800000	 -0.015234
750.820000	 -0.013589
750.840000	  0.005162
750.860000	 -0.025104
750.880000	 -0.016550
750.900000	 -0.022801
750.920000	 -0.014905
750.940000	 -0.016879
750.960000	 -0.023459
750.980000	 -0.013589
751.000000	 -0.015563
751.020000	 -0.017208
751.040000	 -0.012602
751.060000	 -0.013589
751.080000	 -0.016221
751.100000	 -0.027736
751.120000	 -0.020169
751.140000	 -0.020827
751.160000	 -0.008984
751.180000	 -0.017866
751.200000	 -0.020827
751.220000	 -0.013260
751.240000	 -0.010629
751.260000	 -0.017537
751.280000	 -0.016879
751.300000	 -0.021485
751.320000	 -0.060962
751.340000	 -0.017537
751.360000	 -0.020827
751.380000	 -0.020169
751.400000	 -0.022472
751.420000	 -0.016550
751.440000	 -0.017537
751.460000	 -0.012931
751.480000	 -0.038263
751.500000	 -0.018853
751.520000	 -0.015892
751.540000	 -0.016221
751.560000	 -0.020498
751.580000	 -0.014905
751.600000	 -0.013260
751.620000	 -0.019182
751.640000	 -0.020169
751.660000	 -0.014576
751.680000	 -0.019182
751.700000	 -0.011945
751.720000	 -0.034644
751.740000	 -0.019511
751.760000	 -0.021485
751.780000	 -0.007997
751.800000	 -0.019182
751.820000	 -0.032012
751.840000	 -0.011616
751.860000	 -0.019182
751.880000	 -0.011945
751.900000	 -0.017537
751.920000	 -0.021814
751.940000	 -0.008984
751.960000	 -0.013918
751.980000	 -0.019182
752.000000	 -0.017208
752.020000	 -0.019182
752.040000	 -0.019182
752.060000	 -0.017866
752.080000	 -0.012274
752.100000	 -0.013589
752.120000	 -0.022801
752.140000	 -0.017208
752.160000	 -0.021814
752.180000	 -0.049119
752.200000	 -0.018853
752.220000	 -0.014905
752.240000	 -0.026420
752.260000	 -0.020498
752.280000	 -0.012274
752.300000	 -0.011945
752.320000	 -0.015234
752.340000	 -0.018524
752.360000	 -0.020827
752.380000	  0.000228
752.400000	 -0.017866
752.420000	 -0.014576
752.440000	 -0.017537
752.460000	 -0.019182
752.480000	 -0.020498
752.500000	 -0.016550
752.520000	 -0.046816
752.540000	 -0.018195
752.560000	 -0.020827
752.580000	 -0.017208
752.600000	 -0.019182
752.620000	 -0.003391
752.640000	 -0.017208
752.660000	 -0.022472
752.680000	 -0.037276
752.700000	 -0.015563
752.720000	 -0.007668
752.740000	 -0.024775
752.760000	 -0.021485
752.780000	 -0.018853
752.800000	 -0.018195
752.820000	 -0.002733
752.840000	 -0.017537
752.860000	 -0.019182
752.880000	 -0.017866
752.900000	 -0.022801
752.920000	 -0.016221
752.940000	 -0.010629
752.960000	 -0.012931
752.980000	 -0.018853
753.000000	 -0.024117
753.020000	 -0.026091
753.040000	 -0.021156
753.060000	 -0.015563
753.080000	 -0.016879
753.100000	 -0.023459
753.120000	 -0.015234
753.140000	 -0.019182
753.160000	 -0.022143
753.180000	 -0.013589
753.200000	 -0.017208
753.220000	 -0.010629
753.240000	 -0.021485
753.260000	 -0.020169
753.280000	 -0.013589
753.300000	 -0.033328
753.320000	 -0.018524
753.340000	 -0.014905
753.360000	 -0.021814
753.380000	 -0.016221
753.400000	 -0.022801
753.420000	 -0.017208
753.440000	 -0.001417
753.460000	 -0.018524
753.480000	 -0.018853
753.500000	 -0.028393
753.520000	 -0.013589
753.540000	 -0.013918
753.560000	 -0.019840
753.580000	 -0.019182
753.600000	 -0.016550
753.620000	 -0.020827
753.640000	 -0.016221
753.660000	 -0.018853
753.680000	 -0.026091
753.700000	 -0.024775
753.720000	 -0.014905
753.740000	 -0.014576
753.760000	 -0.022801
753.780000	 -0.019182
753.800000	 -0.018195
753.820000	 -0.017208
753.840000	 -0.022801
753.860000	 -0.019182
753.880000	 -0.016221
753.900000	 -0.018195
753.920000	 -0.018853
753.940000	 -0.017208
753.960000	 -0.017537
753.980000	 -0.020169
754.000000	 -0.010300
754.020000	 -0.014905
754.040000	 -0.012602
754.060000	 -0.013589
754.080000	 -0.019511
754.100000	 -0.014576
754.120000	 -0.030038
754.140000	 -0.019511
754.160000	 -0.013918
754.180000	 -0.024117
754.200000	 -0.012602
754.220000	 -0.017866
754.240000	 -0.015892
754.260000	 -0.014905
754.280000	 -0.016879
754.300000	 -0.015234
754.320000	 -0.017208
754.340000	 -0.014247
754.360000	 -0.017866
754.380000	 -0.027407
754.400000	 -0.022143
754.420000	 -0.015892
754.440000	 -0.014905
754.460000	 -0.017537
754.480000	 -0.008655
754.500000	 -0.016550
754.520000	 -0.014247
754.540000	 -0.017208
754.560000	 -0.029051
754.580000	 -0.020498
754.600000	 -0.013589
754.620000	 -0.019182
754.640000	 -0.017537
754.660000	 -0.018195
754.680000	 -0.022143
754.700000	 -0.014247
754.720000	 -0.014576
754.740000	 -0.017208
754.760000	 -0.034315
754.780000	 -0.011945
754.800000	 -0.023459
754.820000	 -0.015892
754.840000	 -0.022472
754.860000	 -0.023459
754.880000	 -0.032012
754.900000	 -0.018524
754.920000	 -0.016879
754.940000	 -0.018195
754.960000	 -0.028722
754.980000	 -0.068858
755.000000	 -0.021814
755.020000	 -0.017866
755.040000	 -0.022801
755.060000	 -0.022143
755.080000	 -0.021814
755.100000	 -0.017866
755.120000	 -0.018524
755.140000	 -0.030696
755.160000	 -0.021814
755.180000	 -0.018853
755.200000	 -0.011287
755.220000	 -0.020498
755.240000	 -0.006681
755.260000	 -0.014576
755.280000	 -0.021156
755.300000	 -0.010300
755.320000	 -0.017537
755.340000	 -0.020827
755.360000	 -0.015234
755.380000	 -0.015234
755.400000	 -0.040895
755.420000	 -0.019182
755.440000	 -0.017208
755.460000	 -0.019840
755.480000	 -0.015563
755.500000	 -0.012274
755.520000	 -0.020169
755.540000	 -0.029380
755.560000	 -0.012931
755.580000	 -0.014576
755.600000	 -0.020169
755.620000	 -0.019840
755.640000	 -0.020498
755.660000	 -0.013260
755.680000	 -0.020169
755.700000	 -0.011616
755.720000	 -0.055370
755.740000	 -0.015563
755.760000	 -0.013918
755.780000	 -0.015563
755.800000	 -0.017208
755.820000	 -0.018853
755.840000	 -0.010958
755.860000	 -0.013918
755.880000	 -0.017537
755.900000	 -0.014905
755.920000	 -0.017537
755.940000	 -0.016879
755.960000	 -0.008984
755.980000	 -0.014576
756.000000	 -0.017208
756.020000	 -0.024446
756.040000	 -0.016221
756.060000	 -0.018853
756.080000	 -0.020827
756.100000	 -0.017866
756.120000	 -0.015234
756.140000	 -0.022472
756.160000	 -0.019840
756.180000	 -0.013918
756.200000	 -0.018853
756.220000	 -0.018853
756.240000	 -0.018195
756.260000	 -0.024117
756.280000	 -0.017208
756.300000	 -0.023788
756.320000	 -0.017537
756.340000	 -0.016221
756.360000	 -0.015234
756.380000	 -0.021814
756.400000	 -0.014576
756.420000	 -0.015892
756.440000	 -0.017866
756.460000	 -0.015234
756.480000	 -0.013589
756.500000	 -0.018524
756.520000	 -0.012931
756.540000	 -0.013589
756.560000	 -0.013260
756.580000	 -0.018195
756.600000	 -0.015234
756.620000	 -0.016879
756.640000	 -0.020169
756.660000	 -0.014576
756.680000	 -0.020827
756.700000	 -0.014576
756.720000	 -0.016221
756.740000	 -0.015563
756.760000	 -0.020827
756.780000	 -0.023130
756.800000	 -0.041882
756.820000	 -0.019840
756.840000	 -0.019840
756.860000	 -0.014247
756.880000	 -0.014247
756.900000	 -0.012274
756.920000	 -0.031354
756.940000	 -0.033986
756.960000	 -0.008984
756.980000	 -0.019182
757.000000	 -0.020169
757.020000	 -0.014576
757.040000	 -0.014905
757.060000	 -0.018524
757.080000	 -0.021485
757.100000	 -0.019840
757.120000	 -0.012602
757.140000	 -0.020827
757.160000	 -0.017208
757.180000	 -0.018524
757.200000	 -0.035960
757.220000	 -0.018524
757.240000	 -0.012274
757.260000	 -0.014576
757.280000	 -0.018853
757.300000	 -0.019182
757.320000	 -0.015234
757.340000	 -0.020498
757.360000	 -0.033986
757.380000	 -0.022801
757.400000	 -0.016221
757.420000	 -0.016550
757.440000	 -0.013918
757.460000	 -0.018853
757.480000	 -0.014247
757.500000	 -0.036289
757.520000	 -0.017208
757.540000	 -0.017208
757.560000	 -0.014247
757.580000	 -0.029051
757.600000	 -0.020498
757.620000	 -0.014905
757.640000	 -0.030367
757.660000	 -0.029709
757.680000	 -0.019840
757.700000	 -0.017866
757.720000	 -0.013918
757.740000	 -0.022472
757.760000	 -0.010629
757.780000	 -0.045171
757.800000	 -0.014247
757.820000	 -0.016879
757.840000	 -0.018524
757.860000	 -0.015563
757.880000	 -0.013918
757.900000	 -0.015563
757.920000	 -0.022472
757.940000	 -0.026091
757.960000	 -0.019840
757.980000	 -0.019182
758.000000	 -0.012931
758.020000	 -0.018195
758.040000	 -0.019182
758.060000	 -0.020498
758.080000	 -0.013260
758.100000	 -0.018853
758.120000	 -0.013918
758.140000	 -0.020169
758.160000	 -0.039250
758.180000	 -0.015234
758.200000	 -0.025762
758.220000	 -0.013589
758.240000	 -0.016221
758.260000	 -0.015892
758.280000	 -0.045500
758.300000	 -0.019182
758.320000	 -0.015234
758.340000	 -0.017208
758.360000	 -0.013918
758.380000	 -0.016550
758.400000	 -0.020827
758.420000	 -0.012274
758.440000	 -0.026420
758.460000	 -0.019840
758.480000	 -0.020169
758.500000	 -0.013260
758.520000	 -0.020498
758.540000	 -0.014905
758.560000	 -0.016221
758.580000	 -0.018195
758.600000	 -0.034644
758.620000	 -0.012602
758.640000	 -0.010958
758.660000	 -0.017537
758.680000	 -0.016879
758.700000	 -0.020498
758.720000	 -0.020498
758.740000	 -0.016879
758.760000	 -0.019182
758.780000	 -0.024775
758.800000	 -0.015892
758.820000	 -0.013918
758.840000	 -0.021156
758.860000	 -0.019182
758.880000	 -0.018195
758.900000	 -0.017866
758.920000	 -0.020827
758.940000	 -0.005036
758.960000	 -0.012274
758.980000	 -0.012931
759.000000	 -0.011287
759.020000	 -0.023130
759.040000	 -0.013918
759.060000	  0.000228
759.080000	 -0.019840
759.100000	 -0.012274
759.120000	 -0.018195
759.140000	 -0.016879
759.160000	 -0.016550
759.180000	 -0.021485
759.200000	 -0.041224
759.220000	 -0.018853
759.240000	 -0.030038
759.260000	 -0.018524
759.280000	 -0.012274
759.300000	 -0.018853
759.320000	 -0.017537
759.340000	 -0.012931
759.360000	 -0.017866
759.380000	 -0.018524
759.400000	 -0.012602
759.420000	 -0.015563
759.440000	 -0.025433
759.460000	 -0.076753
759.480000	 -0.009971
759.500000	 -0.018195
759.520000	 -0.018853
759.540000	 -0.019840
759.560000	 -0.021485
759.580000	 -0.009313
759.600000	 -0.016221
759.620000	 -0.015234
759.640000	 -0.061620
759.660000	 -0.017866
759.680000	 -0.017866
759.700000	 -0.019182
759.720000	 -0.016221
759.740000	 -0.015563
759.760000	 -0.019511
759.780000	 -0.007997
759.800000	 -0.021156
759.820000	 -0.019511
759.840000	 -0.011616
759.860000	 -0.011287
759.880000	 -0.014576
759.900000	 -0.015563
759.920000	 -0.022801
759.940000	 -0.016221
759.960000	 -0.018195
759.980000	 -0.011616
760.000000	 -0.014247
