700.000000	 -0.012931
700.020000	 -0.019511
700.040000	 -0.010958
700.060000	 -0.010958
700.080000	 -0.014905
700.100000	 -0.011287
700.120000	 -0.014905
700.140000	 -0.011616
700.160000	 -0.012274
700.180000	 -0.019840
700.200000	 -0.013589
700.220000	 -0.012931
700.240000	  0.001544
700.260000	 -0.011287
700.280000	 -0.013260
700.300000	 -0.014576
700.320000	 -0.016550
700.340000	 -0.011287
700.360000	 -0.016221
700.380000	 -0.019840
700.400000	 -0.014905
700.420000	 -0.009313
700.440000	 -0.016879
700.460000	 -0.016550
700.480000	 -0.016879
700.500000	 -0.017537
700.520000	 -0.019511
700.540000	 -0.012274
700.560000	 -0.013260
700.580000	 -0.010629
700.600000	 -0.017537
700.620000	 -0.015234
700.640000	 -0.017537
700.660000	 -0.016221
700.680000	 -0.014247
700.700000	 -0.017866
700.720000	 -0.017537
700.740000	 -0.011945
700.760000	 -0.018195
700.780000	 -0.010629
700.800000	 -0.009313
700.820000	 -0.014905
700.840000	 -0.010958
700.860000	 -0.016879
700.880000	 -0.015892
700.900000	 -0.012602
700.920000	 -0.016550
700.940000	 -0.010958
700.960000	 -0.011945
700.980000	 -0.017866
701.000000	 -0.013260
701.020000	 -0.013918
701.040000	 -0.025762
701.060000	 -0.016879
701.080000	 -0.016221
701.100000	 -0.019182
701.120000	 -0.016879
701.140000	 -0.013260
701.160000	 -0.014247
701.180000	 -0.014247
701.200000	 -0.016550
701.220000	 -0.013589
701.240000	 -0.013260
701.260000	 -0.013260
701.280000	 -0.025433
701.300000	 -0.024446
701.320000	 -0.020827
701.340000	 -0.013260
701.360000	 -0.017537
701.380000	 -0.015234
701.400000	 -0.016879
701.420000	 -0.022143
701.440000	 -0.018853
701.460000	 -0.022472
701.480000	 -0.016221
701.500000	 -0.009642
701.520000	 -0.010958
701.540000	 -0.023459
701.560000	 -0.024775
701.580000	 -0.016550
701.600000	 -0.044513
701.620000	 -0.020498
701.640000	 -0.013260
701.660000	 -0.016879
701.680000	 -0.014247
701.700000	 -0.010629
701.720000	 -0.023130
701.740000	 -0.019511
701.760000	 -0.018524
701.780000	 -0.022472
701.800000	 -0.017537
701.820000	 -0.011945
701.840000	 -0.014905
701.860000	 -0.014905
701.880000	 -0.016221
701.900000	 -0.020827
701.920000	 -0.014576
701.940000	 -0.028722
701.960000	 -0.016879
701.980000	 -0.013918
702.000000	 -0.017208
702.020000	 -0.020827
702.040000	 -0.020169
702.060000	 -0.016550
702.080000	 -0.015892
702.100000	 -0.022472
702.120000	 -0.012931
702.140000	 -0.019840
702.160000	 -0.016221
702.180000	 -0.009971
702.200000	 -0.010958
702.220000	 -0.020498
702.240000	 -0.013918
702.260000	 -0.019840
702.280000	 -0.032341
702.300000	 -0.024117
702.320000	 -0.017208
702.340000	 -0.014905
702.360000	 -0.018524
702.380000	 -0.060304
702.400000	 -0.022143
702.420000	 -0.012274
702.440000	 -0.011945
702.460000	 -0.017208
702.480000	 -0.013918
702.500000	 -0.017866
702.520000	 -0.014576
702.540000	 -0.019840
702.560000	 -0.016550
702.580000	 -0.014905
702.600000	 -0.017866
702.620000	 -0.020498
702.640000	 -0.017208
702.660000	 -0.006352
702.680000	 -0.017866
702.700000	 -0.044513
702.720000	 -0.016879
702.740000	 -0.017866
702.760000	 -0.015234
702.780000	 -0.014576
702.800000	 -0.041224
702.820000	 -0.027407
702.840000	 -0.017208
702.860000	 -0.010958
702.880000	 -0.014247
702.900000	 -0.014247
702.920000	 -0.018195
702.940000	 -0.011616
702.960000	 -0.021156
702.980000	 -0.001746
703.000000	 -0.022801
703.020000	 -0.015892
703.040000	 -0.013918
703.060000	 -0.009642
703.080000	 -0.016221
703.100000	 -0.011287
703.120000	 -0.019511
703.140000	 -0.052080
703.160000	 -0.016550
703.180000	 -0.019511
703.200000	 -0.016879
703.220000	 -0.019840
703.240000	 -0.015234
703.260000	 -0.011287
703.280000	 -0.016221
703.300000	 -0.019511
703.320000	 -0.022143
703.340000	 -0.013260
703.360000	 -0.014905
703.380000	 -0.013260
703.400000	 -0.017208
703.420000	 -0.021156
703.440000	 -0.019511
703.460000	 -0.014905
703.480000	 -0.018524
703.500000	 -0.015563
703.520000	 -0.019511
703.540000	 -0.012274
703.560000	 -0.015563
703.580000	 -0.013589
703.600000	 -0.014576
703.620000	 -0.013589
703.640000	 -0.015234
703.660000	 -0.017866
703.680000	 -0.022472
703.700000	 -0.011616
703.720000	 -0.014247
703.740000	 -0.016879
703.760000	 -0.020827
703.780000	 -0.013589
703.800000	 -0.016879
703.820000	 -0.014576
703.840000	 -0.027078
703.860000	 -0.021156
703.880000	 -0.018524
703.900000	 -0.014905
703.920000	 -0.014905
703.940000	 -0.014576
703.960000	 -0.013918
703.980000	 -0.017537
704.000000	 -0.017208
704.020000	 -0.016221
704.040000	 -0.017537
704.060000	 -0.021485
704.080000	 -0.019182
704.100000	 -0.015892
704.120000	 -0.026420
704.140000	 -0.020169
704.160000	 -0.015892
704.180000	 -0.011945
704.200000	 -0.020169
704.220000	 -0.015892
704.240000	 -0.010958
704.260000	 -0.019840
704.280000	 -0.036618
704.300000	 -0.010958
704.320000	 -0.027407
704.340000	 -0.013589
704.360000	 -0.012602
704.380000	 -0.013260
704.400000	 -0.015892
704.420000	 -0.017537
704.440000	 -0.021156
704.460000	 -0.015892
704.480000	 -0.012931
704.500000	 -0.019182
704.520000	 -0.013260
704.540000	 -0.013918
704.560000	 -0.012602
704.580000	 -0.018524
704.600000	 -0.015234
704.620000	 -0.015892
704.640000	 -0.024117
704.660000	 -0.018853
704.680000	 -0.021156
704.700000	 -0.013918
704.720000	 -0.011945
704.740000	 -0.022143
704.760000	 -0.018195
704.780000	 -0.014576
704.800000	 -0.008655
704.820000	 -0.021156
704.840000	 -0.015563
704.860000	 -0.019511
704.880000	 -0.021156
704.900000	 -0.032012
704.920000	 -0.018853
704.940000	 -0.016550
704.960000	 -0.018853
704.980000	 -0.016879
705.000000	 -0.018195
705.020000	 -0.016550
705.040000	 -0.016550
705.060000	 -0.017208
705.080000	 -0.015892
705.100000	 -0.017866
705.120000	 -0.021485
705.140000	 -0.017866
705.160000	 -0.016550
705.180000	 -0.015563
705.200000	 -0.014247
705.220000	 -0.009971
705.240000	 -0.024117
705.260000	 -0.026091
705.280000	 -0.010958
705.300000	 -0.019840
705.320000	 -0.018524
705.340000	 -0.046487
705.360000	 -0.015234
705.380000	 -0.013589
705.400000	 -0.018195
705.420000	 -0.018853
705.440000	 -0.012274
705.460000	 -0.016550
705.480000	 -0.014576
705.500000	 -0.013589
705.520000	 -0.023788
705.540000	 -0.053067
705.560000	 -0.027078
705.580000	 -0.017866
705.600000	 -0.015892
705.620000	 -0.016550
705.640000	 -0.014905
705.660000	 -0.015892
705.680000	 -0.033328
705.700000	 -0.012274
705.720000	 -0.017537
705.740000	 -0.020169
705.760000	 -0.015234
705.780000	 -0.009642
705.800000	 -0.011616
705.820000	 -0.019840
705.840000	 -0.018524
705.860000	 -0.012931
705.880000	 -0.010300
705.900000	 -0.013918
705.920000	 -0.016221
705.940000	 -0.027078
705.960000	 -0.013589
705.980000	 -0.015234
706.000000	 -0.012931
706.020000	 -0.018853
706.040000	 -0.025762
706.060000	 -0.021156
706.080000	 -0.016550
706.100000	 -0.015563
706.120000	 -0.027407
706.140000	 -0.013918
706.160000	 -0.015892
706.180000	 -0.015234
706.200000	 -0.013589
706.220000	 -0.013589
706.240000	 -0.020827
706.260000	 -0.012931
706.280000	 -0.011616
706.300000	 -0.010958
706.320000	 -0.017537
706.340000	 -0.013589
706.360000	 -0.018853
706.380000	 -0.018853
706.400000	 -0.023788
706.420000	 -0.033986
706.440000	 -0.015563
706.460000	 -0.016879
706.480000	 -0.017866
706.500000	 -0.019511
706.520000	 -0.040237
706.540000	 -0.014247
706.560000	 -0.018853
706.580000	 -0.014905
706.600000	 -0.016221
706.620000	 -0.015892
706.640000	 -0.014247
706.660000	 -0.015563
706.680000	 -0.028064
706.700000	 -0.011616
706.720000	 -0.006681
706.740000	 -0.034315
706.760000	 -0.019182
706.780000	 -0.014576
706.800000	 -0.012274
706.820000	 -0.023459
706.840000	 -0.013260
706.860000	 -0.011287
706.880000	 -0.014576
706.900000	 -0.014576
706.920000	 -0.015234
706.940000	 -0.020169
706.960000	 -0.010300
706.980000	 -0.012274
707.000000	 -0.023459
707.020000	 -0.014905
707.040000	 -0.015892
707.060000	 -0.011945
707.080000	 -0.013589
707.100000	 -0.014905
707.120000	 -0.023130
707.140000	 -0.020169
707.160000	 -0.016221
707.180000	 -0.030038
707.200000	 -0.019182
707.220000	 -0.019182
707.240000	 -0.019182
707.260000	 -0.020169
707.280000	 -0.016879
707.300000	 -0.012931
707.320000	 -0.035302
707.340000	 -0.012274
707.360000	 -0.017866
707.380000	 -0.013918
707.400000	 -0.035960
707.420000	 -0.019182
707.440000	 -0.027736
707.460000	 -0.014576
707.480000	 -0.015234
707.500000	 -0.015892
707.520000	 -0.017866
707.540000	 -0.010629
707.560000	 -0.018853
707.580000	 -0.013589
707.600000	 -0.015563
707.620000	 -0.014905
707.640000	 -0.014576
707.660000	 -0.013260
707.680000	 -0.013260
707.700000	 -0.011287
707.720000	 -0.008984
707.740000	 -0.023459
707.760000	 -0.014905
707.780000	 -0.011287
707.800000	 -0.014576
707.820000	 -0.015892
707.840000	 -0.012931
707.860000	 -0.010958
707.880000	 -0.014247
707.900000	 -0.019511
707.920000	 -0.015234
707.940000	 -0.049119
707.960000	 -0.049119
707.980000	 -0.011616
708.000000	 -0.013918
708.020000	 -0.016550
708.040000	 -0.021156
708.060000	 -0.017537
708.080000	 -0.043198
708.100000	 -0.011945
708.120000	 -0.018853
708.140000	 -0.011945
708.160000	 -0.032999
708.180000	 -0.043855
708.200000	 -0.011616
708.220000	 -0.011287
708.240000	 -0.021814
708.260000	 -0.015892
708.280000	 -0.014247
708.300000	 -0.015892
708.320000	 -0.021814
708.340000	 -0.013918
708.360000	 -0.014247
708.380000	 -0.014905
708.400000	 -0.013918
708.420000	 -0.014905
708.440000	 -0.011945
708.460000	 -0.000101
708.480000	 -0.021156
708.500000	 -0.020498
708.520000	 -0.017866
708.540000	 -0.012274
708.560000	 -0.010958
708.580000	 -0.017866
708.600000	 -0.013918
708.620000	 -0.018524
708.640000	 -0.017208
708.660000	 -0.016550
708.680000	 -0.021156
708.700000	 -0.016550
708.720000	 -0.018524
708.740000	 -0.013589
708.760000	 -0.017208
708.780000	 -0.015234
708.800000	 -0.018524
708.820000	 -0.017866
708.840000	 -0.017537
708.860000	 -0.017866
708.880000	 -0.019182
708.900000	 -0.018524
708.920000	 -0.013918
708.940000	 -0.019182
708.960000	 -0.019182
708.980000	 -0.017208
709.000000	 -0.019182
709.020000	 -0.020169
709.040000	 -0.002404
709.060000	 -0.011616
709.080000	 -0.018524
709.100000	 -0.011287
709.120000	 -0.017208
709.140000	 -0.044842
709.160000	 -0.014576
709.180000	 -0.017537
709.200000	 -0.009971
709.220000	 -0.019182
709.240000	 -0.017866
709.260000	 -0.017537
709.280000	 -0.057015
709.300000	 -0.019840
709.320000	 -0.020169
709.340000	 -0.020498
709.360000	 -0.017208
709.380000	 -0.018195
709.400000	 -0.019182
709.420000	 -0.013589
709.440000	 -0.020827
709.460000	 -0.022801
709.480000	 -0.028064
709.500000	 -0.041224
709.520000	 -0.015234
709.540000	 -0.016221
709.560000	 -0.006681
709.580000	 -0.019840
709.600000	 -0.017208
709.620000	 -0.020827
709.640000	 -0.018853
709.660000	 -0.022143
709.680000	 -0.021814
709.700000	 -0.018524
709.720000	 -0.013918
709.740000	 -0.012602
709.760000	 -0.018195
709.780000	 -0.016879
709.800000	 -0.019511
709.820000	 -0.021814
709.840000	 -0.015234
709.860000	 -0.016221
709.880000	 -0.009971
709.900000	 -0.013260
709.920000	 -0.014905
709.940000	 -0.016221
709.960000	 -0.016221
709.980000	 -0.017866
710.000000	 -0.019511
710.020000	 -0.012274
710.040000	 -0.043198
710.060000	 -0.014247
710.080000	 -0.017208
710.100000	 -0.012274
710.120000	 -0.012931
710.140000	 -0.012602
710.160000	 -0.009971
710.180000	 -0.016879
710.200000	 -0.017866
710.220000	 -0.009313
710.240000	 -0.012274
710.260000	 -0.020169
710.280000	 -0.007668
710.300000	 -0.013260
710.320000	 -0.013589
710.340000	 -0.016550
710.360000	 -0.017866
710.380000	 -0.015892
710.400000	 -0.019511
710.420000	 -0.020827
710.440000	 -0.021485
710.460000	 -0.016550
710.480000	 -0.007668
710.500000	 -0.011287
710.520000	 -0.014576
710.540000	 -0.011945
710.560000	  0.004504
710.580000	 -0.010300
710.600000	 -0.015234
710.620000	 -0.014905
710.640000	 -0.018195
710.660000	 -0.028393
710.680000	 -0.019182
710.700000	 -0.017537
710.720000	 -0.020169
710.740000	 -0.020827
710.760000	 -0.021485
710.780000	 -0.021485
710.800000	 -0.017866
710.820000	 -0.016879
710.840000	 -0.018195
710.860000	 -0.018853
710.880000	 -0.021485
710.900000	 -0.018853
710.920000	 -0.017208
710.940000	 -0.017866
710.960000	  0.002860
710.980000	 -0.023459
711.000000	 -0.016221
711.020000	 -0.031025
711.040000	 -0.064910
711.060000	 -0.017537
711.080000	 -0.025433
711.100000	 -0.034315
711.120000	 -0.016550
711.140000	 -0.018195
711.160000	 -0.044513
711.180000	 -0.012602
711.200000	 -0.020169
711.220000	 -0.012274
711.240000	 -0.017866
711.260000	 -0.016221
711.280000	 -0.043527
711.300000	 -0.019511
711.320000	 -0.016221
711.340000	 -0.015234
711.360000	 -0.010958
711.380000	 -0.008984
711.400000	 -0.005036
711.420000	 -0.011287
711.440000	 -0.019840
711.460000	 -0.020827
711.480000	 -0.015892
711.500000	 -0.013589
711.520000	 -0.010300
711.540000	 -0.017208
711.560000	 -0.014576
711.580000	 -0.014905
711.600000	 -0.017866
711.620000	 -0.015234
711.640000	 -0.017208
711.660000	 -0.014247
711.680000	 -0.009313
711.700000	 -0.034973
711.720000	 -0.011616
711.740000	 -0.010629
711.760000	 -0.012274
711.780000	 -0.018853
711.800000	 -0.013589
711.820000	 -0.013260
711.840000	 -0.014905
711.860000	 -0.016221
711.880000	 -0.015234
711.900000	 -0.017537
711.920000	 -0.017537
711.940000	 -0.013918
711.960000	 -0.016550
711.980000	 -0.020169
712.000000	 -0.017537
712.020000	 -0.007997
712.040000	 -0.013918
712.060000	 -0.015563
712.080000	 -0.016879
712.100000	 -0.015563
712.120000	 -0.019840
712.140000	 -0.012931
712.160000	 -0.019840
712.180000	 -0.018195
712.200000	 -0.019840
712.220000	 -0.011287
712.240000	 -0.032012
712.260000	 -0.014576
712.280000	 -0.068200
712.300000	 -0.018195
712.320000	 -0.007668
712.340000	 -0.015234
712.360000	 -0.012274
712.380000	 -0.018195
712.400000	 -0.012274
712.420000	 -0.049448
712.440000	 -0.014576
712.460000	 -0.018853
712.480000	 -0.009971
712.500000	 -0.045829
712.520000	 -0.012602
712.540000	 -0.015563
712.560000	 -0.013589
712.580000	 -0.022143
712.600000	 -0.020169
712.620000	 -0.019511
712.640000	 -0.017866
712.660000	 -0.019511
712.680000	 -0.019511
712.700000	 -0.014576
712.720000	 -0.017866
712.740000	 -0.013260
712.760000	 -0.019182
712.780000	 -0.012274
712.800000	 -0.012602
712.820000	 -0.019511
712.840000	 -0.014576
712.860000	 -0.014247
712.880000	 -0.027736
712.900000	 -0.045500
712.920000	 -0.012274
712.940000	 -0.017208
712.960000	 -0.023459
712.980000	 -0.009642
713.000000	 -0.019182
713.020000	 -0.016550
713.040000	 -0.016879
713.060000	 -0.011287
713.080000	 -0.014905
713.100000	 -0.018524
713.120000	 -0.011945
713.140000	 -0.014905
713.160000	 -0.014905
713.180000	 -0.018853
713.200000	 -0.044842
713.220000	 -0.018853
713.240000	 -0.016221
713.260000	 -0.017537
713.280000	 -0.020169
713.300000	 -0.014905
713.320000	 -0.014905
713.340000	 -0.017866
713.360000	 -0.019511
713.380000	 -0.023788
713.400000	 -0.020498
713.420000	 -0.015892
713.440000	 -0.029380
713.460000	 -0.044842
713.480000	 -0.016221
713.500000	 -0.012274
713.520000	 -0.013260
713.540000	 -0.015563
713.560000	 -0.015234
713.580000	 -0.026420
713.600000	 -0.017208
713.620000	 -0.039908
713.640000	 -0.016879
713.660000	 -0.065239
713.680000	 -0.011616
713.700000	 -0.010629
713.720000	 -0.017208
713.740000	 -0.028393
713.760000	 -0.021156
713.780000	 -0.022143
713.800000	 -0.015563
713.820000	 -0.016550
713.840000	 -0.035960
713.860000	 -0.017866
713.880000	 -0.024117
713.900000	 -0.054054
713.920000	 -0.017208
713.940000	 -0.021156
713.960000	 -0.014247
713.980000	 -0.021485
714.000000	 -0.018853
714.020000	 -0.017537
714.040000	 -0.049448
714.060000	 -0.017208
714.080000	 -0.015563
714.100000	 -0.014576
714.120000	 -0.015892
714.140000	 -0.015563
714.160000	 -0.016221
714.180000	 -0.018524
714.200000	 -0.011945
714.220000	 -0.013260
714.240000	 -0.015234
714.260000	 -0.019182
714.280000	 -0.012931
714.300000	 -0.020498
714.320000	 -0.021156
714.340000	 -0.017208
714.360000	 -0.022143
714.380000	 -0.022143
714.400000	 -0.020169
714.420000	 -0.026091
714.440000	 -0.019182
714.460000	 -0.016879
714.480000	 -0.017537
714.500000	 -0.017537
714.520000	 -0.018853
714.540000	 -0.016550
714.560000	 -0.013918
714.580000	 -0.018195
714.600000	 -0.015563
714.620000	 -0.011616
714.640000	 -0.023130
714.660000	 -0.013918
714.680000	 -0.018853
714.700000	 -0.018195
714.720000	 -0.020498
714.740000	 -0.027407
714.760000	 -0.014905
714.780000	 -0.016879
714.800000	 -0.023788
714.820000	 -0.014576
714.840000	 -0.017866
714.860000	 -0.014576
714.880000	 -0.021156
714.900000	 -0.018853
714.920000	 -0.015892
714.940000	 -0.029380
714.960000	 -0.016879
714.980000	 -0.022143
715.000000	 -0.015563
715.020000	 -0.014247
715.040000	 -0.015234
715.060000	 -0.013260
715.080000	 -0.013918
715.100000	 -0.014905
715.120000	 -0.014576
715.140000	 -0.019182
715.160000	 -0.017866
715.180000	 -0.029380
715.200000	 -0.048132
715.220000	 -0.020827
715.240000	 -0.021485
715.260000	 -0.015563
715.280000	 -0.043855
715.300000	 -0.015234
715.320000	 -0.013918
715.340000	 -0.011616
715.360000	 -0.011616
715.380000	 -0.018853
715.400000	 -0.014905
715.420000	 -0.016550
715.440000	 -0.015892
715.460000	  0.004833
715.480000	 -0.052738
715.500000	 -0.015563
715.520000	 -0.009971
715.540000	 -0.014247
715.560000	 -0.015892
715.580000	 -0.013918
715.600000	 -0.017208
715.620000	 -0.020169
715.640000	 -0.022801
715.660000	 -0.016879
715.680000	 -0.017866
715.700000	 -0.013589
715.720000	 -0.020169
715.740000	 -0.013260
715.760000	 -0.012931
715.780000	 -0.025433
715.800000	 -0.035631
715.820000	 -0.015234
715.840000	 -0.023788
715.860000	 -0.018853
715.880000	 -0.025433
715.900000	 -0.017537
715.920000	 -0.018524
715.940000	 -0.022472
715.960000	 -0.010958
715.980000	 -0.015563
716.000000	 -0.022472
716.020000	 -0.019840
716.040000	 -0.015234
716.060000	 -0.018524
716.080000	 -0.014247
716.100000	 -0.016221
716.120000	 -0.021156
716.140000	 -0.015563
716.160000	 -0.000759
716.180000	 -0.015563
716.200000	 -0.014247
716.220000	 -0.031025
716.240000	 -0.023130
716.260000	 -0.018195
716.280000	 -0.017537
716.300000	 -0.021485
716.320000	 -0.020827
716.340000	 -0.018524
716.360000	 -0.015234
716.380000	 -0.019182
716.400000	 -0.016221
716.420000	 -0.015892
716.440000	 -0.017208
716.460000	 -0.020498
716.480000	 -0.020498
716.500000	 -0.013260
716.520000	 -0.054054
716.540000	 -0.016879
716.560000	 -0.016221
716.580000	 -0.017208
716.600000	 -0.013589
716.620000	 -0.016550
716.640000	 -0.017208
716.660000	 -0.021156
716.680000	 -0.016550
716.700000	 -0.019511
716.720000	 -0.030696
716.740000	 -0.018524
716.760000	 -0.018853
716.780000	 -0.013260
716.800000	 -0.017537
716.820000	 -0.015234
716.840000	 -0.019182
716.860000	 -0.030696
716.880000	 -0.019511
716.900000	 -0.020169
716.920000	 -0.013589
716.940000	 -0.017208
716.960000	 -0.017208
716.980000	 -0.015234
717.000000	 -0.019840
717.020000	 -0.016221
717.040000	 -0.015234
717.060000	 -0.024775
717.080000	 -0.016221
717.100000	 -0.025104
717.120000	 -0.023130
717.140000	 -0.015892
717.160000	 -0.019840
717.180000	 -0.019840
717.200000	 -0.010300
717.220000	 -0.015234
717.240000	 -0.011945
717.260000	 -0.018195
717.280000	 -0.023459
717.300000	 -0.014576
717.320000	 -0.021156
717.340000	 -0.012274
717.360000	 -0.017537
717.380000	 -0.032012
717.400000	 -0.020169
717.420000	 -0.020827
717.440000	 -0.013589
717.460000	 -0.015892
717.480000	 -0.041224
717.500000	 -0.012602
717.520000	 -0.015892
717.540000	 -0.019182
717.560000	 -0.016221
717.580000	 -0.018853
717.600000	 -0.020827
717.620000	 -0.022143
717.640000	 -0.020498
717.660000	 -0.014576
717.680000	 -0.015234
717.700000	 -0.017866
717.720000	 -0.009642
717.740000	 -0.010300
717.760000	 -0.012274
717.780000	 -0.020169
717.800000	 -0.018524
717.820000	 -0.039908
717.840000	 -0.016221
717.860000	 -0.022472
717.880000	 -0.016221
717.900000	 -0.014247
717.920000	 -0.019511
717.940000	 -0.022143
717.960000	 -0.020498
717.980000	 -0.022143
718.000000	 -0.018524
718.020000	 -0.023459
718.040000	 -0.019182
718.060000	 -0.016221
718.080000	 -0.018524
718.100000	 -0.014576
718.120000	 -0.017537
718.140000	 -0.017866
718.160000	 -0.016221
718.180000	 -0.011945
718.200000	 -0.019840
718.220000	 -0.015234
718.240000	 -0.016879
718.260000	 -0.017537
718.280000	 -0.020827
718.300000	 -0.015892
718.320000	 -0.028722
718.340000	 -0.018853
718.360000	 -0.015892
718.380000	 -0.014905
718.400000	 -0.020498
718.420000	 -0.013918
718.440000	 -0.016221
718.460000	 -0.014905
718.480000	 -0.015234
718.500000	 -0.016879
718.520000	  0.001215
718.540000	 -0.011616
718.560000	 -0.034973
718.580000	 -0.015892
718.600000	 -0.008655
718.620000	 -0.014247
718.640000	 -0.018853
718.660000	 -0.021485
718.680000	 -0.052409
718.700000	 -0.021485
718.720000	 -0.041882
718.740000	 -0.022143
718.760000	 -0.021156
718.780000	 -0.016879
718.800000	 -0.019182
718.820000	 -0.017208
718.840000	 -0.017866
718.860000	 -0.016221
718.880000	 -0.025433
718.900000	 -0.013918
718.920000	 -0.007668
718.940000	 -0.015892
718.960000	 -0.028064
718.980000	 -0.030038
719.000000	 -0.012931
719.020000	 -0.016550
719.040000	 -0.015563
719.060000	 -0.012274
719.080000	 -0.018195
719.100000	 -0.010958
719.120000	 -0.017208
719.140000	 -0.017208
719.160000	 -0.023459
719.180000	 -0.033328
719.200000	 -0.019182
719.220000	 -0.052080
719.240000	 -0.015563
719.260000	 -0.015892
719.280000	 -0.018195
719.300000	 -0.018853
719.320000	 -0.014905
719.340000	 -0.015892
719.360000	 -0.018195
719.380000	 -0.021485
719.400000	 -0.020169
719.420000	 -0.014905
719.440000	 -0.016550
719.460000	 -0.014576
719.480000	 -0.019182
719.500000	 -0.020498
719.520000	 -0.025104
719.540000	 -0.019182
719.560000	 -0.018195
719.580000	 -0.020169
719.600000	 -0.009971
719.620000	 -0.017537
719.640000	 -0.023459
719.660000	 -0.019840
719.680000	 -0.013260
719.700000	 -0.016879
719.720000	 -0.014905
719.740000	 -0.029709
719.760000	 -0.022143
719.780000	 -0.019511
719.800000	 -0.014247
719.820000	 -0.018524
719.840000	 -0.015892
719.860000	 -0.006023
719.880000	 -0.019840
719.900000	 -0.013589
719.920000	 -0.017208
719.940000	 -0.015234
719.960000	 -0.017537
719.980000	 -0.017537
720.000000	 -0.029380
720.020000	 -0.031683
720.040000	 -0.016879
720.060000	 -0.009313
720.080000	 -0.007339
720.100000	 -0.023130
720.120000	 -0.015563
720.140000	 -0.016550
720.160000	 -0.013260
720.180000	 -0.032012
720.200000	 -0.015563
720.220000	 -0.015234
720.240000	 -0.014905
720.260000	 -0.014905
720.280000	 -0.019840
720.300000	 -0.022472
720.320000	 -0.019511
720.340000	 -0.024775
720.360000	 -0.013918
720.380000	 -0.014247
720.400000	 -0.048461
720.420000	 -0.014247
720.440000	 -0.007668
720.460000	 -0.015563
720.480000	 -0.017537
720.500000	 -0.014905
720.520000	 -0.016221
720.540000	 -0.014576
720.560000	 -0.011945
720.580000	 -0.014576
720.600000	 -0.012274
720.620000	 -0.017866
720.640000	 -0.020498
720.660000	 -0.020827
720.680000	 -0.032670
720.700000	 -0.016550
720.720000	 -0.017537
720.740000	 -0.018853
720.760000	 -0.016221
720.780000	 -0.014905
720.800000	 -0.010629
720.820000	 -0.015892
720.840000	 -0.021156
720.860000	 -0.017537
720.880000	 -0.017866
720.900000	 -0.052738
720.920000	 -0.022801
720.940000	 -0.020169
720.960000	 -0.019840
720.980000	 -0.022801
721.000000	 -0.014576
721.020000	 -0.017866
721.040000	 -0.018195
721.060000	 -0.011945
721.080000	 -0.016221
721.100000	 -0.011616
721.120000	 -0.012602
721.140000	 -0.015892
721.160000	 -0.016221
721.180000	 -0.014905
721.200000	 -0.019840
721.220000	 -0.022472
721.240000	 -0.020169
721.260000	 -0.017866
721.280000	 -0.018524
721.300000	 -0.023788
721.320000	 -0.035302
721.340000	 -0.023459
721.360000	 -0.021814
721.380000	 -0.019511
721.400000	 -0.023459
721.420000	 -0.025762
721.440000	 -0.020498
721.460000	 -0.018853
721.480000	 -0.019840
721.500000	 -0.016550
721.520000	 -0.021156
721.540000	 -0.020498
721.560000	 -0.025433
721.580000	 -0.023459
721.600000	 -0.016879
721.620000	 -0.025433
721.640000	 -0.016879
721.660000	 -0.016550
721.680000	 -0.024117
721.700000	 -0.016550
721.720000	 -0.011287
721.740000	 -0.025104
721.760000	 -0.016879
721.780000	 -0.037934
721.800000	 -0.018853
721.820000	 -0.012274
721.840000	 -0.025104
721.860000	 -0.022143
721.880000	 -0.018524
721.900000	 -0.020498
721.920000	 -0.017866
721.940000	 -0.020498
721.960000	 -0.043527
721.980000	 -0.015892
722.000000	 -0.014905
722.020000	 -0.014905
722.040000	 -0.014576
722.060000	 -0.015563
722.080000	 -0.014576
722.100000	 -0.020169
722.120000	 -0.018853
722.140000	 -0.015892
722.160000	 -0.020827
722.180000	 -0.021156
722.200000	 -0.020169
722.220000	 -0.016221
722.240000	 -0.017208
722.260000	 -0.014905
722.280000	 -0.016879
722.300000	 -0.014247
722.320000	 -0.022143
722.340000	 -0.020827
722.360000	 -0.018524
722.380000	 -0.017537
722.400000	 -0.016879
722.420000	 -0.016879
722.440000	 -0.016879
722.460000	 -0.031354
722.480000	 -0.015892
722.500000	 -0.015563
722.520000	 -0.019182
722.540000	 -0.017866
722.560000	 -0.020498
722.580000	 -0.013260
722.600000	 -0.015563
722.620000	 -0.015234
722.640000	 -0.015234
722.660000	 -0.008655
722.680000	 -0.045171
722.700000	 -0.025104
722.720000	 -0.011287
722.740000	 -0.017208
722.760000	 -0.021814
722.780000	 -0.015892
722.800000	 -0.013918
722.820000	 -0.014247
722.840000	 -0.016879
722.860000	 -0.016550
722.880000	 -0.017537
722.900000	 -0.018853
722.920000	 -0.016879
722.940000	 -0.017866
722.960000	 -0.015234
722.980000	 -0.011945
723.000000	 -0.014905
723.020000	 -0.017208
723.040000	 -0.016879
723.060000	 -0.017208
723.080000	 -0.015234
723.100000	 -0.000101
723.120000	 -0.015234
723.140000	 -0.017208
723.160000	 -0.019511
723.180000	 -0.020498
723.200000	 -0.016550
723.220000	 -0.016879
723.240000	 -0.017208
723.260000	 -0.015563
723.280000	 -0.014247
723.300000	 -0.016879
723.320000	 -0.012274
723.340000	 -0.016879
723.360000	 -0.020827
723.380000	 -0.006681
723.400000	 -0.017866
723.420000	 -0.021156
723.440000	 -0.012274
723.460000	 -0.013260
723.480000	 -0.024446
723.500000	 -0.013918
723.520000	 -0.016221
723.540000	 -0.009313
723.560000	 -0.012931
723.580000	 -0.020498
723.600000	 -0.019182
723.620000	 -0.030038
723.640000	 -0.020827
723.660000	 -0.014247
723.680000	 -0.016221
723.700000	 -0.019840
723.720000	 -0.021814
723.740000	 -0.019840
723.760000	 -0.020169
723.780000	 -0.013918
723.800000	 -0.020169
723.820000	 -0.017537
723.840000	 -0.019182
723.860000	 -0.019840
723.880000	 -0.032670
723.900000	 -0.016550
723.920000	 -0.011616
723.940000	 -0.013589
723.960000	 -0.026749
723.980000	 -0.020169
724.000000	 -0.019840
724.020000	 -0.018195
724.040000	 -0.017208
724.060000	 -0.036289
724.080000	 -0.015892
724.100000	 -0.014576
724.120000	 -0.016550
724.140000	 -0.023459
724.160000	 -0.014576
724.180000	 -0.020169
724.200000	 -0.012602
724.220000	 -0.027407
724.240000	 -0.014905
724.260000	 -0.017208
724.280000	 -0.016879
724.300000	 -0.017208
724.320000	 -0.049119
724.340000	 -0.016221
724.360000	 -0.017537
724.380000	 -0.011616
724.400000	 -0.013260
724.420000	 -0.014905
724.440000	 -0.016221
724.460000	 -0.016550
724.480000	 -0.013918
724.500000	 -0.015563
724.520000	 -0.016221
724.540000	 -0.013260
724.560000	 -0.013260
724.580000	 -0.023130
724.600000	 -0.012602
724.620000	 -0.016221
724.640000	 -0.002733
724.660000	 -0.014247
724.680000	 -0.018195
724.700000	 -0.020498
724.720000	 -0.018853
724.740000	 -0.020827
724.760000	 -0.019840
724.780000	 -0.017208
724.800000	 -0.017866
724.820000	 -0.012602
724.840000	 -0.039579
724.860000	 -0.014247
724.880000	 -0.011945
724.900000	 -0.012931
724.920000	 -0.015563
724.940000	 -0.019511
724.960000	 -0.017537
724.980000	 -0.017208
725.000000	 -0.016221
725.020000	 -0.019840
725.040000	 -0.010300
725.060000	 -0.015234
725.080000	 -0.006023
725.100000	 -0.014247
725.120000	 -0.029051
725.140000	 -0.010300
725.160000	 -0.053396
725.180000	 -0.018853
725.200000	 -0.019511
725.220000	 -0.032999
725.240000	 -0.017208
725.260000	 -0.014576
725.280000	 -0.016221
725.300000	 -0.016221
725.320000	 -0.014247
725.340000	 -0.017208
725.360000	 -0.017537
725.380000	 -0.016221
725.400000	 -0.013260
725.420000	 -0.012274
725.440000	 -0.036947
725.460000	 -0.021485
725.480000	 -0.011616
725.500000	 -0.014576
725.520000	 -0.023788
725.540000	 -0.016550
725.560000	 -0.006681
725.580000	 -0.007010
725.600000	 -0.014905
725.620000	 -0.011287
725.640000	 -0.013260
725.660000	 -0.016879
725.680000	 -0.017866
725.700000	 -0.017208
725.720000	 -0.016550
725.740000	 -0.016550
725.760000	 -0.014576
725.780000	 -0.017537
725.800000	 -0.023788
725.820000	 -0.016550
725.840000	 -0.017537
725.860000	 -0.015234
725.880000	 -0.016550
725.900000	 -0.012602
725.920000	 -0.014576
725.940000	 -0.019511
725.960000	 -0.017866
725.980000	 -0.021485
726.000000	 -0.018195
726.020000	 -0.017866
726.040000	 -0.052738
726.060000	 -0.019182
726.080000	 -0.016550
726.100000	 -0.014247
726.120000	 -0.008326
726.140000	 -0.019511
726.160000	 -0.021485
726.180000	 -0.020169
726.200000	 -0.014905
726.220000	 -0.020169
726.240000	 -0.011616
726.260000	 -0.013260
726.280000	 -0.023788
726.300000	 -0.020169
726.320000	 -0.013589
726.340000	 -0.014576
726.360000	 -0.013260
726.380000	 -0.016879
726.400000	 -0.021485
726.420000	 -0.049448
726.440000	 -0.013260
726.460000	 -0.022143
726.480000	 -0.019182
726.500000	 -0.014905
726.520000	 -0.015563
726.540000	 -0.017866
726.560000	 -0.027078
726.580000	 -0.018853
726.600000	 -0.009313
726.620000	 -0.019182
726.640000	 -0.012274
726.660000	 -0.016221
726.680000	 -0.021156
726.700000	 -0.012931
726.720000	 -0.013918
726.740000	 -0.014905
726.760000	 -0.011287
726.780000	 -0.010958
726.800000	 -0.019511
726.820000	 -0.011616
726.840000	 -0.017537
726.860000	 -0.016879
726.880000	 -0.017208
726.900000	 -0.014905
726.920000	 -0.010629
726.940000	 -0.012602
726.960000	 -0.017208
726.980000	 -0.017537
727.000000	 -0.015234
727.020000	 -0.018853
727.040000	 -0.016879
727.060000	 -0.017866
727.080000	 -0.027407
727.100000	 -0.021814
727.120000	 -0.019840
727.140000	 -0.021156
727.160000	 -0.019182
727.180000	 -0.017208
727.200000	 -0.022472
727.220000	 -0.016550
727.240000	 -0.019182
727.260000	 -0.022472
727.280000	 -0.021156
727.300000	 -0.033328
727.320000	 -0.015892
727.340000	 -0.011945
727.360000	 -0.016550
727.380000	 -0.016221
727.400000	 -0.032341
727.420000	 -0.014576
727.440000	 -0.014576
727.460000	 -0.013918
727.480000	 -0.015892
727.500000	 -0.018853
727.520000	 -0.022143
727.540000	 -0.017866
727.560000	 -0.050764
727.580000	 -0.046158
727.600000	 -0.019511
727.620000	 -0.017537
727.640000	 -0.013589
727.660000	 -0.018195
727.680000	 -0.028064
727.700000	 -0.016879
727.720000	 -0.013260
727.740000	 -0.017208
727.760000	 -0.015234
727.780000	 -0.015563
727.800000	 -0.014905
727.820000	 -0.016221
727.840000	 -0.016221
727.860000	 -0.024446
727.880000	 -0.037934
727.900000	 -0.013260
727.920000	 -0.016879
727.940000	 -0.011616
727.960000	 -0.017208
727.980000	 -0.019511
728.000000	 -0.018853
728.020000	 -0.018195
728.040000	 -0.017866
728.060000	 -0.011616
728.080000	 -0.018524
728.100000	 -0.015234
728.120000	 -0.017208
728.140000	 -0.020169
728.160000	 -0.012931
728.180000	 -0.040237
728.200000	 -0.015234
728.220000	 -0.020498
728.240000	 -0.016550
728.260000	 -0.015892
728.280000	 -0.014247
728.300000	 -0.019511
728.320000	 -0.017208
728.340000	 -0.015234
728.360000	 -0.014576
728.380000	 -0.019840
728.400000	 -0.010958
728.420000	 -0.014905
728.440000	 -0.016550
728.460000	 -0.015563
728.480000	 -0.016550
728.500000	 -0.013918
728.520000	 -0.012602
728.540000	 -0.017866
728.560000	 -0.018195
728.580000	 -0.013918
728.600000	 -0.020498
728.620000	 -0.022143
728.640000	 -0.017537
728.660000	 -0.013918
728.680000	 -0.012931
728.700000	 -0.064581
728.720000	 -0.011945
728.740000	 -0.032670
728.760000	 -0.019511
728.780000	 -0.013260
728.800000	 -0.015892
728.820000	 -0.015234
728.840000	 -0.019840
728.860000	 -0.011287
728.880000	 -0.016879
728.900000	 -0.017537
728.920000	 -0.016221
728.940000	 -0.014247
728.960000	 -0.024446
728.980000	 -0.011287
729.000000	 -0.017208
729.020000	 -0.059317
729.040000	 -0.054054
729.060000	 -0.016221
729.080000	 -0.010958
729.100000	 -0.018524
729.120000	 -0.015892
729.140000	 -0.015563
729.160000	 -0.014247
729.180000	 -0.016879
729.200000	 -0.017866
729.220000	 -0.020169
729.240000	 -0.019182
729.260000	 -0.015892
729.280000	 -0.016550
729.300000	 -0.020169
729.320000	 -0.002404
729.340000	 -0.011945
729.360000	 -0.011287
729.380000	 -0.013589
729.400000	 -0.008655
729.420000	 -0.011287
729.440000	 -0.019511
729.460000	 -0.020498
729.480000	 -0.011945
729.500000	 -0.018524
729.520000	 -0.016221
729.540000	 -0.010958
729.560000	 -0.016221
729.580000	 -0.035302
729.600000	 -0.016550
729.620000	 -0.020169
729.640000	 -0.021156
729.660000	 -0.013918
729.680000	 -0.012602
729.700000	 -0.020827
729.720000	 -0.014905
729.740000	 -0.021485
729.760000	 -0.014247
729.780000	 -0.012602
729.800000	 -0.036289
729.820000	 -0.017866
729.840000	 -0.018195
729.860000	 -0.010629
729.880000	 -0.014576
729.900000	 -0.037276
729.920000	 -0.033328
729.940000	 -0.016550
729.960000	 -0.017537
729.980000	 -0.016550
730.000000	 -0.019511
730.020000	 -0.031354
730.040000	 -0.017866
730.060000	 -0.028393
730.080000	 -0.013260
730.100000	 -0.016221
730.120000	 -0.012274
730.140000	 -0.020169
730.160000	 -0.014905
730.180000	 -0.011945
730.200000	 -0.016221
730.220000	 -0.017537
730.240000	 -0.022801
730.260000	 -0.013260
730.280000	 -0.017866
730.300000	 -0.008655
730.320000	 -0.014247
730.340000	 -0.014576
730.360000	 -0.015892
730.380000	 -0.013260
730.400000	 -0.013589
730.420000	 -0.014576
730.440000	 -0.010958
730.460000	 -0.024446
730.480000	 -0.013918
730.500000	 -0.023788
730.520000	 -0.016221
730.540000	 -0.018853
730.560000	 -0.025762
730.580000	 -0.004707
730.600000	 -0.017208
730.620000	 -0.017208
730.640000	 -0.016221
730.660000	 -0.016221
730.680000	 -0.018195
730.700000	 -0.010300
730.720000	 -0.017537
730.740000	 -0.018853
730.760000	 -0.022801
730.780000	 -0.024446
730.800000	 -0.012274
730.820000	 -0.012602
730.840000	 -0.023459
730.860000	 -0.021814
730.880000	 -0.006023
730.900000	 -0.020827
730.920000	 -0.011616
730.940000	 -0.014576
730.960000	 -0.020169
730.980000	 -0.017537
731.000000	 -0.021485
731.020000	 -0.059646
731.040000	 -0.016550
731.060000	 -0.017866
731.080000	 -0.012602
731.100000	 -0.028393
731.120000	 -0.017208
731.140000	 -0.013918
731.160000	 -0.019840
731.180000	 -0.015563
731.200000	 -0.018524
731.220000	 -0.016879
731.240000	 -0.014576
731.260000	 -0.023130
731.280000	 -0.018853
731.300000	 -0.018853
731.320000	 -0.025762
731.340000	 -0.020827
731.360000	 -0.016879
731.380000	 -0.014247
731.400000	 -0.019511
731.420000	 -0.015892
731.440000	 -0.020498
731.460000	 -0.040566
731.480000	 -0.016550
731.500000	 -0.020169
731.520000	 -0.019511
731.540000	 -0.020498
731.560000	 -0.020827
731.580000	 -0.027078
731.600000	 -0.021814
731.620000	 -0.020827
731.640000	 -0.016550
731.660000	 -0.021156
731.680000	 -0.020498
731.700000	 -0.018195
731.720000	 -0.018524
731.740000	 -0.013260
731.760000	 -0.019182
731.780000	 -0.031354
731.800000	 -0.011616
731.820000	 -0.017866
731.840000	 -0.017866
731.860000	 -0.021814
731.880000	 -0.021485
731.900000	 -0.016221
731.920000	 -0.018853
731.940000	 -0.016879
731.960000	 -0.014905
731.980000	 -0.019182
732.000000	 -0.013260
732.020000	 -0.008326
732.040000	 -0.015892
732.060000	 -0.014247
732.080000	 -0.013260
732.100000	 -0.020498
732.120000	 -0.019182
732.140000	 -0.016879
732.160000	 -0.019840
732.180000	 -0.012602
732.200000	 -0.018524
732.220000	 -0.010629
732.240000	 -0.015892
732.260000	 -0.016221
732.280000	 -0.014247
732.300000	 -0.011945
732.320000	 -0.014576
732.340000	 -0.020169
732.360000	 -0.043855
732.380000	 -0.022472
732.400000	 -0.017537
732.420000	 -0.024117
732.440000	 -0.014905
732.460000	 -0.013918
732.480000	 -0.020169
732.500000	 -0.023788
732.520000	 -0.011616
732.540000	 -0.015563
732.560000	 -0.015234
732.580000	 -0.014247
732.600000	 -0.012602
732.620000	 -0.013589
732.640000	 -0.013260
732.660000	 -0.016550
732.680000	 -0.012602
732.700000	 -0.016879
732.720000	 -0.016550
732.740000	 -0.023130
732.760000	 -0.020498
732.780000	 -0.031683
732.800000	 -0.014905
732.820000	 -0.015234
732.840000	 -0.016221
732.860000	 -0.015892
732.880000	 -0.009642
732.900000	 -0.024117
732.920000	 -0.012274
732.940000	 -0.013589
732.960000	 -0.014247
732.980000	 -0.041224
733.000000	 -0.014905
733.020000	 -0.017208
733.040000	 -0.015234
733.060000	 -0.011616
733.080000	 -0.014247
733.100000	 -0.021814
733.120000	 -0.018853
733.140000	 -0.016879
733.160000	 -0.017537
733.180000	 -0.020827
733.200000	 -0.050764
733.220000	 -0.014905
733.240000	 -0.015234
733.260000	 -0.017208
733.280000	 -0.013260
733.300000	 -0.012602
733.320000	 -0.016550
733.340000	 -0.010629
733.360000	 -0.025762
733.380000	 -0.014905
733.400000	 -0.024775
733.420000	 -0.018524
733.440000	 -0.026091
733.460000	 -0.012931
733.480000	 -0.013918
733.500000	 -0.021814
733.520000	 -0.024446
733.540000	 -0.016550
733.560000	 -0.015234
733.580000	 -0.012931
733.600000	 -0.018524
733.620000	 -0.018853
733.640000	 -0.007010
733.660000	 -0.017866
733.680000	 -0.013260
733.700000	 -0.020498
733.720000	 -0.022472
733.740000	 -0.012931
733.760000	 -0.015234
733.780000	 -0.013260
733.800000	 -0.033328
733.820000	 -0.016550
733.840000	 -0.014576
733.860000	 -0.016550
733.880000	 -0.022143
733.900000	 -0.018195
733.920000	 -0.019511
733.940000	 -0.018853
733.960000	 -0.014576
733.980000	 -0.010629
734.000000	 -0.016221
734.020000	 -0.012274
734.040000	 -0.021814
734.060000	 -0.013260
734.080000	 -0.023788
734.100000	 -0.022143
734.120000	 -0.018195
734.140000	 -0.016879
734.160000	 -0.016550
734.180000	 -0.022472
734.200000	 -0.015234
734.220000	 -0.022472
734.240000	 -0.019182
734.260000	 -0.015892
734.280000	 -0.013918
734.300000	 -0.017208
734.320000	 -0.017208
734.340000	 -0.012931
734.360000	 -0.013589
734.380000	 -0.018524
734.400000	 -0.022801
734.420000	 -0.018524
734.440000	 -0.016550
734.460000	 -0.014905
734.480000	 -0.020169
734.500000	 -0.010629
734.520000	 -0.018853
734.540000	 -0.016221
734.560000	 -0.016879
734.580000	 -0.020498
734.600000	 -0.023788
734.620000	 -0.017537
734.640000	 -0.014905
734.660000	 -0.019511
734.680000	 -0.021485
734.700000	 -0.020169
734.720000	 -0.015563
734.740000	 -0.022801
734.760000	 -0.018524
734.780000	 -0.025433
734.800000	 -0.053725
734.820000	 -0.016879
734.840000	 -0.017208
734.860000	 -0.049777
734.880000	 -0.013260
734.900000	 -0.015234
734.920000	 -0.018853
734.940000	 -0.052738
734.960000	 -0.016550
734.980000	 -0.018524
735.000000	 -0.066884
735.020000	 -0.013918
735.040000	 -0.020498
735.060000	 -0.015892
735.080000	 -0.014576
735.100000	 -0.017208
735.120000	 -0.018853
735.140000	 -0.020498
735.160000	 -0.023788
735.180000	 -0.018195
735.200000	 -0.017866
735.220000	 -0.022472
735.240000	 -0.011945
735.260000	 -0.021485
735.280000	 -0.020498
735.300000	 -0.041224
735.320000	 -0.023459
735.340000	 -0.026749
735.360000	 -0.017537
735.380000	 -0.015563
735.400000	 -0.018853
735.420000	 -0.017866
735.440000	 -0.019511
735.460000	 -0.021814
735.480000	 -0.024775
735.500000	 -0.013918
735.520000	 -0.016221
735.540000	 -0.025762
735.560000	 -0.017208
735.580000	 -0.022801
735.600000	 -0.022143
735.620000	 -0.033328
735.640000	 -0.056028
735.660000	 -0.021814
735.680000	 -0.020498
735.700000	 -0.015234
735.720000	 -0.016879
735.740000	 -0.014576
735.760000	 -0.016221
735.780000	 -0.012931
735.800000	 -0.019840
735.820000	 -0.017208
735.840000	 -0.015234
735.860000	 -0.023130
735.880000	 -0.016221
735.900000	 -0.038921
735.920000	 -0.029380
735.940000	 -0.019182
735.960000	 -0.004049
735.980000	 -0.026091
736.000000	 -0.013589
736.020000	 -0.015892
736.040000	 -0.011945
736.060000	 -0.023459
736.080000	 -0.017537
736.100000	 -0.022801
736.120000	 -0.070503
736.140000	 -0.016550
736.160000	 -0.017866
736.180000	 -0.020827
736.200000	 -0.023459
736.220000	 -0.014576
736.240000	 -0.015563
736.260000	 -0.064252
736.280000	 -0.017208
736.300000	 -0.021814
736.320000	 -0.015892
736.340000	 -0.027078
736.360000	 -0.020169
736.380000	 -0.015234
736.400000	 -0.017866
736.420000	 -0.014247
736.440000	 -0.019182
736.460000	 -0.018195
736.480000	 -0.013918
736.500000	 -0.017208
736.520000	 -0.017208
736.540000	 -0.021485
736.560000	 -0.020827
736.580000	 -0.018524
736.600000	 -0.020827
736.620000	 -0.021156
736.640000	 -0.020827
736.660000	 -0.020169
736.680000	 -0.014576
736.700000	 -0.020498
736.720000	 -0.018524
736.740000	 -0.020169
736.760000	 -0.018524
736.780000	 -0.016550
736.800000	 -0.016879
736.820000	 -0.009971
736.840000	 -0.014905
736.860000	 -0.013918
736.880000	 -0.013589
736.900000	 -0.015234
736.920000	 -0.013589
736.940000	 -0.018195
736.960000	 -0.014247
736.980000	 -0.017537
737.000000	 -0.017537
737.020000	 -0.019511
737.040000	 -0.022143
737.060000	 -0.019840
737.080000	 -0.018195
737.100000	 -0.025104
737.120000	 -0.020169
737.140000	 -0.021814
737.160000	 -0.022472
737.180000	 -0.017537
737.200000	 -0.016221
737.220000	 -0.004707
737.240000	 -0.012931
737.260000	 -0.015234
737.280000	 -0.022143
737.300000	 -0.016879
737.320000	 -0.022472
737.340000	 -0.017208
737.360000	 -0.013589
737.380000	 -0.022143
737.400000	 -0.021485
737.420000	 -0.023459
737.440000	 -0.044513
737.460000	 -0.020169
737.480000	 -0.013260
737.500000	 -0.012602
737.520000	 -0.015234
737.540000	 -0.015563
737.560000	 -0.014247
737.580000	 -0.015234
737.600000	 -0.016221
737.620000	 -0.021814
737.640000	 -0.032012
737.660000	 -0.016221
737.680000	 -0.016879
737.700000	 -0.015234
737.720000	 -0.012931
737.740000	 -0.018195
737.760000	 -0.015563
737.780000	 -0.016550
737.800000	 -0.019182
737.820000	 -0.020827
737.840000	 -0.017208
737.860000	 -0.021156
737.880000	 -0.015234
737.900000	 -0.015563
737.920000	 -0.013260
737.940000	 -0.015234
737.960000	 -0.006023
737.980000	 -0.024775
738.000000	 -0.022472
738.020000	 -0.024446
738.040000	 -0.016550
738.060000	 -0.021485
738.080000	 -0.018524
738.100000	 -0.020827
738.120000	 -0.022801
738.140000	 -0.018524
738.160000	 -0.019182
738.180000	 -0.018853
738.200000	 -0.016221
738.220000	 -0.017866
738.240000	 -0.024775
738.260000	 -0.024446
738.280000	 -0.018195
738.300000	 -0.026420
738.320000	 -0.020169
738.340000	 -0.024446
738.360000	 -0.020827
738.380000	 -0.032012
738.400000	 -0.012274
738.420000	 -0.020169
738.440000	 -0.019840
738.460000	 -0.014576
738.480000	 -0.048461
738.500000	 -0.016879
738.520000	 -0.022472
738.540000	 -0.012931
738.560000	 -0.016879
738.580000	 -0.017866
738.600000	 -0.002404
738.620000	 -0.032670
738.640000	 -0.021485
738.660000	 -0.013918
738.680000	 -0.019511
738.700000	 -0.017866
738.720000	 -0.043527
738.740000	 -0.019511
738.760000	 -0.019182
738.780000	 -0.014247
738.800000	 -0.014905
738.820000	 -0.016550
738.840000	 -0.016221
738.860000	 -0.018853
738.880000	 -0.013260
738.900000	 -0.014247
738.920000	 -0.044513
738.940000	 -0.015563
738.960000	 -0.029051
738.980000	 -0.019511
739.000000	 -0.011616
739.020000	 -0.014576
739.040000	 -0.016879
739.060000	 -0.020498
739.080000	 -0.027078
739.100000	 -0.014247
739.120000	 -0.015892
739.140000	 -0.014247
739.160000	 -0.019182
739.180000	 -0.021485
739.200000	 -0.022143
739.220000	 -0.012274
739.240000	 -0.032670
739.260000	 -0.021156
739.280000	 -0.022472
739.300000	 -0.031683
739.320000	 -0.016221
739.340000	 -0.012602
739.360000	 -0.014576
739.380000	 -0.040566
739.400000	 -0.019511
739.420000	 -0.014576
739.440000	 -0.014905
739.460000	 -0.015892
739.480000	 -0.019840
739.500000	 -0.020498
739.520000	 -0.019182
739.540000	 -0.014247
739.560000	 -0.012602
739.580000	 -0.014576
739.600000	 -0.017208
739.620000	 -0.019182
739.640000	 -0.010300
739.660000	 -0.022801
739.680000	 -0.021814
739.700000	 -0.015563
739.720000	 -0.020169
739.740000	 -0.012602
739.760000	 -0.017208
739.780000	 -0.019840
739.800000	 -0.015892
739.820000	 -0.012602
739.840000	 -0.017208
739.860000	 -0.023130
739.880000	 -0.017537
739.900000	 -0.017537
739.920000	 -0.016550
739.940000	 -0.024117
739.960000	 -0.017866
739.980000	 -0.028393
740.000000	 -0.017208
740.020000	 -0.019840
740.040000	 -0.021814
740.060000	 -0.014905
740.080000	 -0.015892
740.100000	 -0.016879
740.120000	 -0.014247
740.140000	 -0.016550
740.160000	 -0.019182
740.180000	 -0.015234
740.200000	 -0.025104
740.220000	 -0.020498
740.240000	 -0.021156
740.260000	 -0.027736
740.280000	 -0.010958
740.300000	 -0.021485
740.320000	 -0.022143
740.340000	 -0.016221
740.360000	 -0.021814
740.380000	 -0.023459
740.400000	 -0.021814
740.420000	 -0.021156
740.440000	 -0.011287
740.460000	 -0.014247
740.480000	 -0.020169
740.500000	 -0.022801
740.520000	 -0.019511
740.540000	 -0.024775
740.560000	 -0.016221
740.580000	 -0.014905
740.600000	 -0.020169
740.620000	 -0.018195
740.640000	 -0.017866
740.660000	 -0.020169
740.680000	 -0.017866
740.700000	 -0.020498
740.720000	 -0.021814
740.740000	 -0.023788
740.760000	 -0.013589
740.780000	 -0.015234
740.800000	 -0.020169
740.820000	 -0.018195
740.840000	 -0.014905
740.860000	 -0.053725
740.880000	 -0.023788
740.900000	 -0.013589
740.920000	 -0.018195
740.940000	 -0.016550
740.960000	 -0.015892
740.980000	 -0.017866
741.000000	 -0.028722
741.020000	 -0.018853
741.040000	 -0.020498
741.060000	 -0.017866
741.080000	 -0.018853
741.100000	 -0.019840
741.120000	 -0.018524
741.140000	 -0.018195
741.160000	 -0.017866
741.180000	 -0.021156
741.200000	 -0.002404
741.220000	 -0.027407
741.240000	 -0.020827
741.260000	 -0.017208
741.280000	 -0.018524
741.300000	 -0.014576
741.320000	 -0.018195
741.340000	 -0.023459
741.360000	 -0.018524
741.380000	 -0.017866
741.400000	 -0.025433
741.420000	 -0.016221
741.440000	 -0.014576
741.460000	 -0.017866
741.480000	 -0.011616
741.500000	 -0.013589
741.520000	 -0.022801
741.540000	 -0.018853
741.560000	 -0.018195
741.580000	 -0.051093
741.600000	 -0.012931
741.620000	 -0.015563
741.640000	 -0.018524
741.660000	 -0.016879
741.680000	 -0.013260
741.700000	 -0.013918
741.720000	 -0.020169
741.740000	 -0.016221
741.760000	 -0.031025
741.780000	 -0.019182
741.800000	 -0.017537
741.820000	 -0.019511
741.840000	 -0.026420
741.860000	 -0.019840
741.880000	 -0.013260
741.900000	 -0.020498
741.920000	 -0.014905
741.940000	 -0.016550
741.960000	 -0.021156
741.980000	 -0.017866
742.000000	 -0.018524
742.020000	 -0.020827
742.040000	 -0.019511
742.060000	 -0.019182
742.080000	 -0.016221
742.100000	 -0.018853
742.120000	 -0.018195
742.140000	 -0.026420
742.160000	 -0.016221
742.180000	 -0.017866
742.200000	 -0.021156
742.220000	 -0.018524
742.240000	 -0.018524
742.260000	 -0.030038
742.280000	 -0.017866
742.300000	 -0.014247
742.320000	 -0.017537
742.340000	 -0.009642
742.360000	 -0.018524
742.380000	 -0.011945
742.400000	 -0.016550
742.420000	 -0.020169
742.440000	 -0.021156
742.460000	 -0.014247
742.480000	 -0.019511
742.500000	 -0.056028
742.520000	 -0.015234
742.540000	 -0.017866
742.560000	 -0.011945
742.580000	 -0.018524
742.600000	 -0.023788
742.620000	 -0.069845
742.640000	 -0.014905
742.660000	 -0.017866
742.680000	 -0.018853
742.700000	 -0.015234
742.720000	 -0.021814
742.740000	 -0.021156
742.760000	 -0.014247
742.780000	 -0.017537
742.800000	 -0.017866
742.820000	 -0.019182
742.840000	 -0.020498
742.860000	 -0.016221
742.880000	 -0.017537
742.900000	 -0.032670
742.920000	 -0.022801
742.940000	 -0.022472
742.960000	 -0.020827
742.980000	 -0.018195
743.000000	 -0.014576
743.020000	 -0.039579
743.040000	 -0.023788
743.060000	 -0.017866
743.080000	 -0.019182
743.100000	 -0.016221
743.120000	 -0.025433
743.140000	 -0.015234
743.160000	 -0.020498
743.180000	 -0.016879
743.200000	 -0.019182
743.220000	 -0.015234
743.240000	 -0.022472
743.260000	 -0.017208
743.280000	 -0.059975
743.300000	 -0.017208
743.320000	 -0.017537
743.340000	 -0.018195
743.360000	 -0.022801
743.380000	 -0.034315
743.400000	 -0.015563
743.420000	 -0.020827
743.440000	 -0.025433
743.460000	 -0.014576
743.480000	 -0.017208
743.500000	 -0.047145
743.520000	 -0.017866
743.540000	 -0.022472
743.560000	 -0.018195
743.580000	 -0.014905
743.600000	 -0.014576
743.620000	 -0.033657
743.640000	 -0.018853
743.660000	 -0.012931
743.680000	 -0.028393
743.700000	 -0.014247
743.720000	 -0.048790
743.740000	 -0.015234
743.760000	 -0.018524
743.780000	 -0.013918
743.800000	 -0.014905
743.820000	 -0.015892
743.840000	 -0.015234
743.860000	 -0.020827
743.880000	 -0.022143
743.900000	 -0.023788
743.920000	 -0.022472
743.940000	 -0.014576
743.960000	 -0.019182
743.980000	 -0.019840
744.000000	 -0.014905
744.020000	 -0.017208
744.040000	 -0.014905
744.060000	 -0.017866
744.080000	 -0.017866
744.100000	 -0.024446
744.120000	 -0.017208
744.140000	 -0.018853
744.160000	 -0.044842
744.180000	 -0.017866
744.200000	 -0.018195
744.220000	 -0.021814
744.240000	 -0.019182
744.260000	 -0.057344
744.280000	 -0.014247
744.300000	 -0.018195
744.320000	 -0.018195
744.340000	 -0.017208
744.360000	 -0.022143
744.380000	 -0.019182
744.400000	 -0.015892
744.420000	 -0.022143
744.440000	 -0.014576
744.460000	 -0.017208
744.480000	 -0.021814
744.500000	 -0.014576
744.520000	 -0.041882
744.540000	 -0.020498
744.560000	 -0.016221
744.580000	 -0.020827
744.600000	 -0.017537
744.620000	 -0.015563
744.640000	 -0.014247
744.660000	 -0.022472
744.680000	 -0.014576
744.700000	 -0.019840
744.720000	 -0.013918
744.740000	 -0.017208
744.760000	 -0.015892
744.780000	 -0.017208
744.800000	 -0.029380
744.820000	 -0.013918
744.840000	 -0.021485
744.860000	 -0.017208
744.880000	 -0.016221
744.900000	 -0.017866
744.920000	 -0.023459
744.940000	 -0.022143
744.960000	 -0.017866
744.980000	 -0.019840
745.000000	 -0.018853
745.020000	 -0.018524
745.040000	 -0.017866
745.060000	 -0.014576
745.080000	 -0.015234
745.100000	 -0.015563
745.120000	 -0.023130
745.140000	 -0.039908
745.160000	 -0.013589
745.180000	 -0.017208
745.200000	 -0.017537
745.220000	 -0.024446
745.240000	 -0.023130
745.260000	 -0.020827
745.280000	 -0.016879
745.300000	 -0.022143
745.320000	 -0.014905
745.340000	 -0.020169
745.360000	 -0.009313
745.380000	 -0.009313
745.400000	 -0.016221
745.420000	 -0.016221
745.440000	 -0.020169
745.460000	 -0.016879
745.480000	 -0.016879
745.500000	 -0.024446
745.520000	 -0.042540
745.540000	 -0.018853
745.560000	 -0.016879
745.580000	 -0.015234
745.600000	 -0.019182
745.620000	 -0.048790
745.640000	 -0.013589
745.660000	 -0.019511
745.680000	 -0.021485
745.700000	 -0.015234
745.720000	 -0.013260
745.740000	 -0.034644
745.760000	 -0.013918
745.780000	 -0.015563
745.800000	 -0.015892
745.820000	 -0.018853
745.840000	 -0.016221
745.860000	 -0.011616
745.880000	 -0.013260
745.900000	 -0.018195
745.920000	 -0.015892
745.940000	 -0.019840
745.960000	 -0.018853
745.980000	 -0.019511
746.000000	 -0.017208
746.020000	 -0.024775
746.040000	 -0.018524
746.060000	 -0.018853
746.080000	 -0.018524
746.100000	 -0.018195
746.120000	 -0.018195
746.140000	 -0.019182
746.160000	 -0.016221
746.180000	 -0.017208
746.200000	 -0.016879
746.220000	 -0.021156
746.240000	 -0.019511
746.260000	 -0.028722
746.280000	 -0.034644
746.300000	 -0.021814
746.320000	 -0.021485
746.340000	  0.002860
746.360000	 -0.014247
746.380000	 -0.017866
746.400000	 -0.015234
746.420000	 -0.012602
746.440000	 -0.015234
746.460000	 -0.014576
746.480000	 -0.013918
746.500000	 -0.014576
746.520000	 -0.014247
746.540000	 -0.011616
746.560000	 -0.017208
746.580000	 -0.019182
746.600000	 -0.039908
746.620000	 -0.023459
746.640000	 -0.017208
746.660000	 -0.012274
746.680000	 -0.013260
746.700000	 -0.021485
746.720000	 -0.014905
746.740000	 -0.017866
746.760000	 -0.018853
746.780000	 -0.013918
746.800000	 -0.013918
746.820000	 -0.022143
746.840000	 -0.017866
746.860000	 -0.015234
746.880000	 -0.039908
746.900000	 -0.009971
746.920000	 -0.019511
746.940000	 -0.013918
746.960000	 -0.014576
746.980000	 -0.019511
747.000000	 -0.015892
747.020000	 -0.019511
747.040000	 -0.014905
747.060000	 -0.014576
747.080000	 -0.023459
747.100000	 -0.021156
747.120000	 -0.021814
747.140000	 -0.016879
747.160000	 -0.015563
747.180000	 -0.014247
747.200000	 -0.013589
747.220000	 -0.031683
747.240000	 -0.015234
747.260000	 -0.013260
747.280000	 -0.012602
747.300000	 -0.021485
747.320000	 -0.020498
747.340000	 -0.020498
747.360000	 -0.034315
747.380000	 -0.015892
747.400000	 -0.015563
747.420000	 -0.017208
747.440000	 -0.011616
747.460000	 -0.011616
747.480000	 -0.018853
747.500000	 -0.014576
747.520000	 -0.019182
747.540000	 -0.016221
747.560000	 -0.020169
747.580000	 -0.018195
747.600000	 -0.021156
747.620000	 -0.023459
747.640000	 -0.015234
747.660000	 -0.016221
747.680000	 -0.028393
747.700000	 -0.008984
747.720000	 -0.016221
747.740000	 -0.016550
747.760000	 -0.018195
747.780000	 -0.015892
747.800000	 -0.018853
747.820000	 -0.020827
747.840000	 -0.015234
747.860000	 -0.015892
747.880000	 -0.016221
747.900000	 -0.018195
747.920000	 -0.015234
747.940000	 -0.014247
747.960000	 -0.019511
747.980000	 -0.015892
748.000000	 -0.017537
748.020000	 -0.014905
748.040000	 -0.016879
748.060000	 -0.018195
748.080000	 -0.020498
748.100000	 -0.020169
748.120000	 -0.031354
748.140000	 -0.021156
748.160000	 -0.018195
748.180000	 -0.021485
748.200000	 -0.018853
748.220000	 -0.016550
748.240000	 -0.013918
748.260000	 -0.015234
748.280000	 -0.016879
748.300000	 -0.012931
748.320000	 -0.016879
748.340000	 -0.022472
748.360000	 -0.021485
748.380000	 -0.017866
748.400000	 -0.023788
748.420000	 -0.015563
748.440000	 -0.010629
748.460000	 -0.011945
748.480000	 -0.022801
748.500000	 -0.023788
748.520000	 -0.028722
748.540000	 -0.017537
748.560000	 -0.019840
748.580000	 -0.003062
748.600000	 -0.039250
748.620000	 -0.056357
748.640000	 -0.019511
748.660000	 -0.019840
748.680000	 -0.019511
748.700000	 -0.036947
748.720000	 -0.047474
748.740000	 -0.018195
748.760000	 -0.024775
748.780000	 -0.014576
748.800000	 -0.011945
748.820000	 -0.013260
748.840000	 -0.021485
748.860000	 -0.014576
748.880000	 -0.017537
748.900000	 -0.013260
748.920000	 -0.012274
748.940000	 -0.010958
748.960000	 -0.014247
748.980000	 -0.014247
749.000000	 -0.016221
749.020000	 -0.010300
749.040000	 -0.016879
749.060000	 -0.011287
749.080000	 -0.016221
749.100000	 -0.016221
749.120000	 -0.018524
749.140000	 -0.018524
749.160000	 -0.022801
749.180000	 -0.018853
749.200000	 -0.026420
749.220000	 -0.019511
749.240000	 -0.017866
749.260000	 -0.013260
749.280000	 -0.016550
749.300000	 -0.041224
749.320000	 -0.018524
749.340000	 -0.027736
749.360000	 -0.035302
749.380000	 -0.084649
749.400000	 -0.019511
749.420000	 -0.020169
749.440000	 -0.015563
749.460000	 -0.015563
749.480000	 -0.017866
749.500000	 -0.015234
749.520000	 -0.019511
749.540000	 -0.013589
749.560000	 -0.019182
749.580000	 -0.021156
749.600000	 -0.017866
749.620000	 -0.016550
749.640000	 -0.023130
749.660000	 -0.015234
749.680000	 -0.018195
749.700000	 -0.020169
749.720000	 -0.021485
749.740000	 -0.017208
749.760000	 -0.025104
749.780000	 -0.018524
749.800000	 -0.017866
749.820000	 -0.009971
749.840000	 -0.019511
749.860000	 -0.058002
749.880000	 -0.016879
749.900000	 -0.017866
749.920000	 -0.017208
749.940000	 -0.024117
749.960000	 -0.020498
749.980000	 -0.015234
750.000000	 -0.020169
750.020000	 -0.016550
750.040000	 -0.015892
750.060000	 -0.017208
750.080000	 -0.018853
750.100000	 -0.019182
750.120000	 -0.020498
750.140000	 -0.018524
750.160000	 -0.021156
750.180000	 -0.020827
750.200000	 -0.021156
750.220000	 -0.022472
750.240000	 -0.022143
750.260000	 -0.011945
750.280000	 -0.018195
750.300000	 -0.018524
750.320000	 -0.014905
750.340000	 -0.022143
750.360000	 -0.021156
750.380000	 -0.017866
750.400000	 -0.016879
750.420000	 -0.024446
750.440000	 -0.030696
750.460000	 -0.022801
750.480000	 -0.015892
750.500000	 -0.022472
750.520000	 -0.012931
750.540000	 -0.015892
750.560000	 -0.018195
750.580000	 -0.015892
750.600000	 -0.020827
750.620000	 -0.021156
750.640000	 -0.021814
750.660000	 -0.019182
750.680000	 -0.021156
750.700000	 -0.017866
750.720000	 -0.019511
750.740000	 -0.013918
750.760000	 -0.012602
750.780000	 -0.026420
750.800000	 -0.017866
750.820000	 -0.016550
750.840000	 -0.019182
750.860000	 -0.011945
750.880000	 -0.021156
750.900000	 -0.021485
750.920000	 -0.025104
750.940000	 -0.054054
750.960000	 -0.020169
750.980000	 -0.021814
751.000000	 -0.024117
751.020000	 -0.019511
751.040000	 -0.019511
751.060000	 -0.019182
751.080000	 -0.018853
751.100000	 -0.017866
751.120000	 -0.017208
751.140000	 -0.027078
751.160000	 -0.012931
751.180000	 -0.015892
751.200000	 -0.015234
751.220000	 -0.021156
751.240000	 -0.017866
751.260000	 -0.021485
751.280000	 -0.021156
751.300000	 -0.024446
751.320000	 -0.019511
751.340000	 -0.022143
751.360000	 -0.018853
751.380000	 -0.018195
751.400000	 -0.031683
751.420000	 -0.021156
751.440000	 -0.015892
751.460000	 -0.019182
751.480000	 -0.024775
751.500000	 -0.023130
751.520000	 -0.015892
751.540000	 -0.022143
751.560000	 -0.016221
751.580000	 -0.021814
751.600000	 -0.020498
751.620000	 -0.019511
751.640000	 -0.017537
751.660000	 -0.019840
751.680000	 -0.023788
751.700000	 -0.017537
751.720000	 -0.024775
751.740000	 -0.022472
751.760000	 -0.017537
751.780000	 -0.013918
751.800000	 -0.017866
751.820000	 -0.019182
751.840000	 -0.022143
751.860000	 -0.022801
751.880000	 -0.036289
751.900000	 -0.027078
751.920000	 -0.024446
751.940000	 -0.020827
751.960000	 -0.017537
751.980000	 -0.018524
752.000000	 -0.018524
752.020000	 -0.026749
752.040000	 -0.025433
752.060000	 -0.022472
752.080000	 -0.019840
752.100000	 -0.020169
752.120000	 -0.022472
752.140000	 -0.019840
752.160000	 -0.019182
752.180000	 -0.023130
752.200000	 -0.022472
752.220000	 -0.025762
752.240000	 -0.020498
752.260000	 -0.019182
752.280000	 -0.022472
752.300000	 -0.028064
752.320000	 -0.020827
752.340000	 -0.017537
752.360000	 -0.021156
752.380000	 -0.017866
752.400000	 -0.019511
752.420000	 -0.029380
752.440000	 -0.023130
752.460000	 -0.016550
752.480000	 -0.019182
752.500000	 -0.018524
752.520000	 -0.022472
752.540000	 -0.035302
752.560000	 -0.018524
752.580000	 -0.017208
752.600000	 -0.023459
752.620000	 -0.031683
752.640000	 -0.023788
752.660000	 -0.032341
752.680000	 -0.023130
752.700000	 -0.015234
752.720000	 -0.018195
752.740000	 -0.017537
752.760000	 -0.025762
752.780000	 -0.018853
752.800000	 -0.020498
752.820000	 -0.015234
752.840000	 -0.019511
752.860000	 -0.006352
752.880000	 -0.020827
752.900000	 -0.021814
752.920000	 -0.009642
752.940000	 -0.020169
752.960000	 -0.015563
752.980000	 -0.020169
753.000000	 -0.018195
753.020000	 -0.018524
753.040000	 -0.025104
753.060000	 -0.018195
753.080000	 -0.019840
753.100000	 -0.020498
753.120000	 -0.017208
753.140000	 -0.020169
753.160000	 -0.027078
753.180000	 -0.018195
753.200000	 -0.024117
753.220000	 -0.021156
753.240000	 -0.015892
753.260000	 -0.016550
753.280000	 -0.020827
753.300000	 -0.019182
753.320000	 -0.027407
753.340000	 -0.016879
753.360000	 -0.016550
753.380000	 -0.022801
753.400000	 -0.014576
753.420000	 -0.022472
753.440000	 -0.016550
753.460000	 -0.018853
753.480000	 -0.017537
753.500000	 -0.018853
753.520000	 -0.020169
753.540000	 -0.042869
753.560000	 -0.022143
753.580000	 -0.017537
753.600000	 -0.016221
753.620000	 -0.018853
753.640000	 -0.039250
753.660000	 -0.025762
753.680000	 -0.004049
753.700000	 -0.017537
753.720000	 -0.035631
753.740000	 -0.020498
753.760000	 -0.017208
753.780000	 -0.022801
753.800000	 -0.016550
753.820000	 -0.015892
753.840000	 -0.019840
753.860000	 -0.020498
753.880000	 -0.016550
753.900000	 -0.020498
753.920000	 -0.019511
753.940000	 -0.014247
753.960000	 -0.018195
753.980000	 -0.018853
754.000000	 -0.020498
754.020000	 -0.017208
754.040000	 -0.015892
754.060000	 -0.019511
754.080000	 -0.057673
754.100000	 -0.023130
754.120000	 -0.018853
754.140000	 -0.014905
754.160000	 -0.016550
754.180000	 -0.017537
754.200000	 -0.017208
754.220000	 -0.014576
754.240000	 -0.046487
754.260000	 -0.015563
754.280000	 -0.024117
754.300000	 -0.017537
754.320000	 -0.017866
754.340000	 -0.019511
754.360000	 -0.015563
754.380000	 -0.013918
754.400000	 -0.015892
754.420000	 -0.019182
754.440000	 -0.014576
754.460000	 -0.018853
754.480000	 -0.022143
754.500000	 -0.015234
754.520000	 -0.017866
754.540000	 -0.018195
754.560000	 -0.023788
754.580000	 -0.022143
754.600000	 -0.025433
754.620000	 -0.022143
754.640000	 -0.012931
754.660000	 -0.012931
754.680000	 -0.013589
754.700000	 -0.013260
754.720000	 -0.019182
754.740000	 -0.017208
754.760000	 -0.016879
754.780000	 -0.019511
754.800000	 -0.018195
754.820000	 -0.024775
754.840000	 -0.021814
754.860000	 -0.025104
754.880000	 -0.018853
754.900000	 -0.015234
754.920000	 -0.013589
754.940000	 -0.014905
754.960000	 -0.014576
754.980000	 -0.012274
755.000000	 -0.012602
755.020000	 -0.016221
755.040000	 -0.016879
755.060000	 -0.018853
755.080000	 -0.017208
755.100000	 -0.014576
755.120000	 -0.016879
755.140000	 -0.021156
755.160000	 -0.016550
755.180000	 -0.021156
755.200000	 -0.017537
755.220000	 -0.013918
755.240000	 -0.014576
755.260000	 -0.018853
755.280000	 -0.013589
755.300000	 -0.020498
755.320000	 -0.016879
755.340000	 -0.018853
755.360000	 -0.011616
755.380000	 -0.014576
755.400000	 -0.015234
755.420000	 -0.024117
755.440000	 -0.046158
755.460000	 -0.013260
755.480000	 -0.015892
755.500000	 -0.017866
755.520000	 -0.015892
755.540000	 -0.017866
755.560000	 -0.017208
755.580000	 -0.018853
755.600000	 -0.051093
755.620000	 -0.012931
755.640000	 -0.016550
755.660000	 -0.020498
755.680000	 -0.020169
755.700000	 -0.023130
755.720000	 -0.023130
755.740000	 -0.022143
755.760000	 -0.012602
755.780000	 -0.014905
755.800000	 -0.013589
755.820000	 -0.017537
755.840000	 -0.015563
755.860000	 -0.014905
755.880000	 -0.018524
755.900000	 -0.020169
755.920000	 -0.016221
755.940000	 -0.021814
755.960000	 -0.016550
755.980000	 -0.018524
756.000000	 -0.018853
756.020000	 -0.021814
756.040000	 -0.023130
756.060000	 -0.011287
756.080000	 -0.025433
756.100000	 -0.020169
756.120000	 -0.016221
756.140000	 -0.015892
756.160000	 -0.018853
756.180000	 -0.021156
756.200000	 -0.013260
756.220000	 -0.039579
756.240000	 -0.028064
756.260000	 -0.018524
756.280000	 -0.019511
756.300000	 -0.013918
756.320000	 -0.019840
756.340000	 -0.016221
756.360000	 -0.015234
756.380000	 -0.013918
756.400000	 -0.014247
756.420000	 -0.022472
756.440000	 -0.042869
756.460000	 -0.018524
756.480000	 -0.021156
756.500000	 -0.018853
756.520000	 -0.016221
756.540000	 -0.015563
756.560000	 -0.017866
756.580000	 -0.016550
756.600000	 -0.020169
756.620000	 -0.016550
756.640000	 -0.026091
756.660000	 -0.019182
756.680000	 -0.039250
756.700000	 -0.014247
756.720000	 -0.014247
756.740000	 -0.017208
756.760000	 -0.020498
756.780000	 -0.018524
756.800000	 -0.033657
756.820000	 -0.019840
756.840000	 -0.020498
756.860000	 -0.022801
756.880000	 -0.016221
756.900000	 -0.015892
756.920000	 -0.017537
756.940000	 -0.017866
756.960000	 -0.017208
756.980000	 -0.033657
757.000000	 -0.018195
757.020000	 -0.016879
757.040000	 -0.021814
757.060000	 -0.024775
757.080000	 -0.022143
757.100000	 -0.017866
757.120000	 -0.015892
757.140000	 -0.018195
757.160000	 -0.018853
757.180000	 -0.015563
757.200000	 -0.029051
757.220000	 -0.016550
757.240000	 -0.006352
757.260000	 -0.022143
757.280000	 -0.022143
757.300000	 -0.044184
757.320000	 -0.019511
757.340000	 -0.020827
757.360000	 -0.022143
757.380000	 -0.028393
757.400000	 -0.015892
757.420000	 -0.018195
757.440000	 -0.018853
757.460000	 -0.046816
757.480000	 -0.022472
757.500000	 -0.012602
757.520000	 -0.016879
757.540000	 -0.010958
757.560000	 -0.016879
757.580000	 -0.018853
757.600000	 -0.018195
757.620000	 -0.017208
757.640000	 -0.022801
757.660000	 -0.019511
757.680000	 -0.018853
757.700000	 -0.018524
757.720000	 -0.054383
757.740000	 -0.016221
757.760000	 -0.036947
757.780000	 -0.019182
757.800000	 -0.018524
757.820000	 -0.014576
757.840000	 -0.020169
757.860000	 -0.018524
757.880000	 -0.022801
757.900000	 -0.021156
757.920000	 -0.018195
757.940000	 -0.013589
757.960000	 -0.017866
757.980000	 -0.013589
758.000000	 -0.014905
758.020000	 -0.018524
758.040000	 -0.020169
758.060000	 -0.021156
758.080000	 -0.013589
758.100000	 -0.015892
758.120000	 -0.016879
758.140000	 -0.012274
758.160000	 -0.021485
758.180000	 -0.017866
758.200000	 -0.014576
758.220000	 -0.022801
758.240000	 -0.020498
758.260000	 -0.022143
758.280000	 -0.013589
758.300000	 -0.018195
758.320000	 -0.016221
758.340000	 -0.020827
758.360000	 -0.015563
758.380000	 -0.017208
758.400000	 -0.013918
758.420000	 -0.018524
758.440000	 -0.014905
758.460000	 -0.016221
758.480000	 -0.015563
758.500000	 -0.015234
758.520000	 -0.021485
758.540000	 -0.020827
758.560000	 -0.032012
758.580000	 -0.040566
758.600000	 -0.015234
758.620000	 -0.014247
758.640000	 -0.012602
758.660000	 -0.015892
758.680000	 -0.014576
758.700000	 -0.038592
758.720000	 -0.016550
758.740000	 -0.017866
758.760000	 -0.015892
758.780000	 -0.013260
758.800000	 -0.012931
758.820000	 -0.014905
758.840000	 -0.000759
758.860000	 -0.015563
758.880000	 -0.019840
758.900000	 -0.016550
758.920000	 -0.012931
758.940000	 -0.027736
758.960000	 -0.028393
758.980000	 -0.021485
759.000000	 -0.021156
759.020000	 -0.050106
759.040000	 -0.022472
759.060000	 -0.011945
759.080000	 -0.033657
759.100000	 -0.018195
759.120000	 -0.016221
759.140000	 -0.015892
759.160000	 -0.017208
759.180000	 -0.019840
759.200000	 -0.017208
759.220000	 -0.017208
759.240000	 -0.025762
759.260000	 -0.031025
759.280000	 -0.013260
759.300000	 -0.022472
759.320000	 -0.046816
759.340000	 -0.014576
759.360000	 -0.021814
759.380000	 -0.021814
759.400000	 -0.013918
759.420000	 -0.018524
759.440000	 -0.018195
759.460000	 -0.005036
759.480000	 -0.017208
759.500000	 -0.017537
759.520000	 -0.018524
759.540000	 -0.045829
759.560000	 -0.016550
759.580000	 -0.013260
759.600000	 -0.013260
759.620000	 -0.015892
759.640000	 -0.007997
759.660000	 -0.017208
759.680000	 -0.018524
759.700000	 -0.022801
759.720000	 -0.020498
759.740000	 -0.017537
759.760000	 -0.016221
759.780000	 -0.037934
759.800000	 -0.015892
759.820000	 -0.019182
759.840000	 -0.017208
759.860000	 -0.018853
759.880000	 -0.014905
759.900000	 -0.016879
759.920000	 -0.019511
759.940000	 -0.012602
759.960000	 -0.013918
759.980000	 -0.016550
760.000000	 -0.022143
