700.000000	  3.215009
700.020000	  3.206127
700.040000	  3.158096
700.060000	  3.206785
700.080000	  3.172900
700.100000	  3.189678
700.120000	  3.210404
700.140000	  3.198232
700.160000	  3.204811
700.180000	  3.207114
700.200000	  3.200863
700.220000	  3.126185
700.240000	  3.195271
700.260000	  3.240012
700.280000	  3.170926
700.300000	  3.212049
700.320000	  3.182112
700.340000	  3.200534
700.360000	  3.162702
700.380000	  3.252513
700.400000	  3.191323
700.420000	  3.206127
700.440000	  3.189678
700.460000	  3.160070
700.480000	  3.213694
700.500000	  3.178493
700.520000	  3.203824
700.540000	  3.197574
700.560000	  3.165663
700.580000	  3.243960
700.600000	  3.169610
700.620000	  3.175203
700.640000	  3.185401
700.660000	  3.205798
700.680000	  3.209417
700.700000	  3.183427
700.720000	  3.205798
700.740000	  3.179809
700.760000	  3.212049
700.780000	  3.205140
700.800000	  3.212049
700.820000	  3.196587
700.840000	  3.213365
700.860000	  3.155464
700.880000	  3.214680
700.900000	  3.196587
700.920000	  3.201850
700.940000	  3.137370
700.960000	  3.203824
700.980000	  3.165992
701.000000	  3.210404
701.020000	  3.185072
701.040000	  3.211062
701.060000	  3.219615
701.080000	  3.193955
701.100000	  3.182112
701.120000	  3.211720
701.140000	  3.216983
701.160000	  3.215667
701.180000	  3.211062
701.200000	  3.211062
701.220000	  3.180138
701.240000	  3.160070
701.260000	  3.210075
701.280000	  3.165005
701.300000	  3.199547
701.320000	  3.186388
701.340000	  3.190336
701.360000	  3.215338
701.380000	  3.198561
701.400000	  3.193955
701.420000	  3.191981
701.440000	  3.226524
701.460000	  3.183427
701.480000	  3.202179
701.500000	  3.174545
701.520000	  3.232116
701.540000	  3.177506
701.560000	  3.228827
701.580000	  3.199547
701.600000	  3.182441
701.620000	  3.231458
701.640000	  3.196587
701.660000	  3.206127
701.680000	  3.216983
701.700000	  3.229813
701.720000	  3.215996
701.740000	  3.172900
701.760000	  3.205798
701.780000	  3.197903
701.800000	  3.190665
701.820000	  3.233761
701.840000	  3.194613
701.860000	  3.197245
701.880000	  3.169281
701.900000	  3.212049
701.920000	  3.172900
701.940000	  3.174874
701.960000	  3.199876
701.980000	  3.195600
702.000000	  3.161057
702.020000	  3.168952
702.040000	  3.206785
702.060000	  3.203824
702.080000	  3.156122
702.100000	  3.213036
702.120000	  3.163360
702.140000	  3.247249
702.160000	  3.152503
702.180000	  3.257448
702.200000	  3.152503
702.220000	  3.245933
702.240000	  3.190007
702.260000	  3.178164
702.280000	  3.193297
702.300000	  3.249223
702.320000	  3.177835
702.340000	  3.208759
702.360000	  3.199547
702.380000	  3.202508
702.400000	  3.198561
702.420000	  3.204153
702.440000	  3.198561
702.460000	  3.214351
702.480000	  3.203495
702.500000	  3.191652
702.520000	  3.210075
702.540000	  3.151846
702.560000	  3.206456
702.580000	  3.188691
702.600000	  3.194613
702.620000	  3.186717
702.640000	  3.212378
702.660000	  3.181783
702.680000	  3.213036
702.700000	  3.219944
702.720000	  3.196258
702.740000	  3.190007
702.760000	  3.192639
702.780000	  3.152175
702.800000	  3.210733
702.820000	  3.152832
702.840000	  3.213036
702.860000	  3.204811
702.880000	  3.182112
702.900000	  3.165663
702.920000	  3.174545
702.940000	  3.209088
702.960000	  3.191323
702.980000	  3.207443
703.000000	  3.206127
703.020000	  3.177177
703.040000	  3.212378
703.060000	  3.147569
703.080000	  3.160728
703.100000	  3.227840
703.120000	  3.199547
703.140000	  3.217312
703.160000	  3.200534
703.180000	  3.206127
703.200000	  3.224221
703.220000	  3.205140
703.240000	  3.205140
703.260000	  3.209417
703.280000	  3.171913
703.300000	  3.182770
703.320000	  3.204811
703.340000	  3.204482
703.360000	  3.209088
703.380000	  3.186717
703.400000	  3.202179
703.420000	  3.208430
703.440000	  3.195929
703.460000	  3.195600
703.480000	  3.243302
703.500000	  3.175203
703.520000	  3.211391
703.540000	  3.212707
703.560000	  3.227182
703.580000	  3.201521
703.600000	  3.210075
703.620000	  3.194942
703.640000	  3.204482
703.660000	  3.199218
703.680000	  3.197574
703.700000	  3.217641
703.720000	  3.218628
703.740000	  3.212707
703.760000	  3.203495
703.780000	  3.204811
703.800000	  3.194942
703.820000	  3.198889
703.840000	  3.147569
703.860000	  3.181454
703.880000	  3.204153
703.900000	  3.219944
703.920000	  3.187704
703.940000	  3.195600
703.960000	  3.204811
703.980000	  3.188362
704.000000	  3.234419
704.020000	  3.159412
704.040000	  3.225208
704.060000	  3.204153
704.080000	  3.206127
704.100000	  3.198889
704.120000	  3.193297
704.140000	  3.211062
704.160000	  3.161057
704.180000	  3.195929
704.200000	  3.192310
704.220000	  3.189678
704.240000	  3.203495
704.260000	  3.193626
704.280000	  3.205469
704.300000	  3.178493
704.320000	  3.201521
704.340000	  3.215009
704.360000	  3.213036
704.380000	  3.194613
704.400000	  3.165334
704.420000	  3.206785
704.440000	  3.165663
704.460000	  3.163031
704.480000	  3.210075
704.500000	  3.206127
704.520000	  3.210075
704.540000	  3.205798
704.560000	  3.236722
704.580000	  3.192639
704.600000	  3.203166
704.620000	  3.176190
704.640000	  3.204153
704.660000	  3.201521
704.680000	  3.194942
704.700000	  3.209088
704.720000	  3.198561
704.740000	  3.212049
704.760000	  3.211062
704.780000	  3.165005
704.800000	  3.200534
704.820000	  3.208101
704.840000	  3.210075
704.860000	  3.206127
704.880000	  3.187046
704.900000	  3.210733
704.920000	  3.215667
704.940000	  3.187046
704.960000	  3.156780
704.980000	  3.220931
705.000000	  3.202508
705.020000	  3.154806
705.040000	  3.250539
705.060000	  3.185730
705.080000	  3.138028
705.100000	  3.244946
705.120000	  3.191981
705.140000	  3.195600
705.160000	  3.200205
705.180000	  3.194613
705.200000	  3.226853
705.220000	  3.149543
705.240000	  3.240341
705.260000	  3.152832
705.280000	  3.218957
705.300000	  3.179151
705.320000	  3.200863
705.340000	  3.190665
705.360000	  3.229813
705.380000	  3.161057
705.400000	  3.244946
705.420000	  3.147898
705.440000	  3.236064
705.460000	  3.167637
705.480000	  3.213365
705.500000	  3.183099
705.520000	  3.200534
705.540000	  3.190994
705.560000	  3.198232
705.580000	  3.200863
705.600000	  3.176848
705.620000	  3.221260
705.640000	  3.151846
705.660000	  3.238696
705.680000	  3.150530
705.700000	  3.225866
705.720000	  3.148885
705.740000	  3.210404
705.760000	  3.202179
705.780000	  3.147240
705.800000	  3.217970
705.820000	  3.195600
705.840000	  3.199218
705.860000	  3.186059
705.880000	  3.202837
705.900000	  3.175861
705.920000	  3.191981
705.940000	  3.205469
705.960000	  3.172900
705.980000	  3.169610
706.000000	  3.197903
706.020000	  3.164676
706.040000	  3.207772
706.060000	  3.190336
706.080000	  3.226853
706.100000	  3.159412
706.120000	  3.228169
706.140000	  3.143621
706.160000	  3.246920
706.180000	  3.149872
706.200000	  3.212049
706.220000	  3.150859
706.240000	  3.229156
706.260000	  3.186388
706.280000	  3.195929
706.300000	  3.187704
706.320000	  3.196258
706.340000	  3.196916
706.360000	  3.168623
706.380000	  3.189678
706.400000	  3.164676
706.420000	  3.178164
706.440000	  3.189349
706.460000	  3.151188
706.480000	  3.241657
706.500000	  3.158425
706.520000	  3.241328
706.540000	  3.146582
706.560000	  3.243302
706.580000	  3.154148
706.600000	  3.236722
706.620000	  3.149543
706.640000	  3.198561
706.660000	  3.193955
706.680000	  3.138686
706.700000	  3.243960
706.720000	  3.151188
706.740000	  3.219944
706.760000	  3.161386
706.780000	  3.213365
706.800000	  3.149872
706.820000	  3.194284
706.840000	  3.186059
706.860000	  3.187704
706.880000	  3.189020
706.900000	  3.183756
706.920000	  3.212378
706.940000	  3.142305
706.960000	  3.240670
706.980000	  3.150859
707.000000	  3.214680
707.020000	  3.171913
707.040000	  3.241657
707.060000	  3.191981
707.080000	  3.180467
707.100000	  3.196916
707.120000	  3.206127
707.140000	  3.168623
707.160000	  3.185072
707.180000	  3.237051
707.200000	  3.144279
707.220000	  3.242973
707.240000	  3.148556
707.260000	  3.214023
707.280000	  3.163360
707.300000	  3.190336
707.320000	  3.190007
707.340000	  3.192639
707.360000	  3.151517
707.380000	  3.212707
707.400000	  3.183756
707.420000	  3.153490
707.440000	  3.234748
707.460000	  3.173558
707.480000	  3.185401
707.500000	  3.238038
707.520000	  3.148556
707.540000	  3.201521
707.560000	  3.127830
707.580000	  3.229813
707.600000	  3.140331
707.620000	  3.229813
707.640000	  3.159083
707.660000	  3.200534
707.680000	  3.161386
707.700000	  3.155793
707.720000	  3.189678
707.740000	  3.182112
707.760000	  3.193955
707.780000	  3.178493
707.800000	  3.192639
707.820000	  3.174545
707.840000	  3.194942
707.860000	  3.176848
707.880000	  3.194942
707.900000	  3.137699
707.920000	  3.168623
707.940000	  3.193955
707.960000	  3.143950
707.980000	  3.215667
708.000000	  3.167308
708.020000	  3.190336
708.040000	  3.138686
708.060000	  3.194942
708.080000	  3.209088
708.100000	  3.138686
708.120000	  3.219615
708.140000	  3.143621
708.160000	  3.171584
708.180000	  3.184414
708.200000	  3.196916
708.220000	  3.185730
708.240000	  3.169939
708.260000	  3.155464
708.280000	  3.182441
708.300000	  3.224221
708.320000	  3.173558
708.340000	  3.165992
708.360000	  3.224550
708.380000	  3.171255
708.400000	  3.185072
708.420000	  3.183427
708.440000	  3.172571
708.460000	  3.223892
708.480000	  3.137370
708.500000	  3.213694
708.520000	  3.162044
708.540000	  3.160070
708.560000	  3.240012
708.580000	  3.179480
708.600000	  3.140660
708.620000	  3.238696
708.640000	  3.155793
708.660000	  3.193955
708.680000	  3.172242
708.700000	  3.182112
708.720000	  3.184414
708.740000	  3.168623
708.760000	  3.222247
708.780000	  3.144279
708.800000	  3.214351
708.820000	  3.162373
708.840000	  3.199218
708.860000	  3.191323
708.880000	  3.226524
708.900000	  3.181783
708.920000	  3.194942
708.940000	  3.175861
708.960000	  3.192968
708.980000	  3.177835
709.000000	  3.168623
709.020000	  3.196258
709.040000	  3.181125
709.060000	  3.147898
709.080000	  3.181454
709.100000	  3.139673
709.120000	  3.194284
709.140000	  3.130133
709.160000	  3.191323
709.180000	  3.175861
709.200000	  3.190994
709.220000	  3.190994
709.240000	  3.175532
709.260000	  3.205469
709.280000	  3.120922
709.300000	  3.131449
709.320000	  3.231787
709.340000	  3.145924
709.360000	  3.180796
709.380000	  3.195271
709.400000	  3.133094
709.420000	  3.203166
709.440000	  3.152832
709.460000	  3.153161
709.480000	  3.232116
709.500000	  3.114671
709.520000	  3.195600
709.540000	  3.178493
709.560000	  3.137370
709.580000	  3.202837
709.600000	  3.175861
709.620000	  3.149543
709.640000	  3.196587
709.660000	  3.160070
709.680000	  3.173558
709.700000	  3.234090
709.720000	  3.142963
709.740000	  3.189678
709.760000	  3.184085
709.780000	  3.150530
709.800000	  3.224550
709.820000	  3.128488
709.840000	  3.233761
709.860000	  3.140331
709.880000	  3.213036
709.900000	  3.162373
709.920000	  3.187375
709.940000	  3.186717
709.960000	  3.185730
709.980000	  3.189678
710.000000	  3.186388
710.020000	  3.177835
710.040000	  3.182770
710.060000	  3.153490
710.080000	  3.169939
710.100000	  3.226853
710.120000	  3.185072
710.140000	  3.202508
710.160000	  3.174545
710.180000	  3.174545
710.200000	  3.175861
710.220000	  3.173229
710.240000	  3.196916
710.260000	  3.188691
710.280000	  3.188362
710.300000	  3.181783
710.320000	  3.180796
710.340000	  3.166321
710.360000	  3.174545
710.380000	  3.174874
710.400000	  3.148885
710.420000	  3.180796
710.440000	  3.131449
710.460000	  3.180796
710.480000	  3.185072
710.500000	  3.186717
710.520000	  3.189349
710.540000	  3.137699
710.560000	  3.198232
710.580000	  3.168294
710.600000	  3.147898
710.620000	  3.136713
710.640000	  3.125527
710.660000	  3.176848
710.680000	  3.140002
710.700000	  3.204811
710.720000	  3.169939
710.740000	  3.214023
710.760000	  3.170268
710.780000	  3.155793
710.800000	  3.201521
710.820000	  3.140660
710.840000	  3.224879
710.860000	  3.198561
710.880000	  3.215009
710.900000	  3.091642
710.920000	  3.215338
710.940000	  3.149872
710.960000	  3.181783
710.980000	  3.176190
711.000000	  3.173229
711.020000	  3.170268
711.040000	  3.180467
711.060000	  3.179151
711.080000	  3.165334
711.100000	  3.191323
711.120000	  3.127830
711.140000	  3.172900
711.160000	  3.135726
711.180000	  3.228827
711.200000	  3.126843
711.220000	  3.179151
711.240000	  3.203495
711.260000	  3.130791
711.280000	  3.168952
711.300000	  3.178164
711.320000	  3.164018
711.340000	  3.171584
711.360000	  3.178822
711.380000	  3.136713
711.400000	  3.191981
711.420000	  3.120593
711.440000	  3.224221
711.460000	  3.122895
711.480000	  3.222905
711.500000	  3.122237
711.520000	  3.183756
711.540000	  3.149214
711.560000	  3.172900
711.580000	  3.126843
711.600000	  3.175861
711.620000	  3.168952
711.640000	  3.173229
711.660000	  3.175861
711.680000	  3.167965
711.700000	  3.179151
711.720000	  3.143950
711.740000	  3.213036
711.760000	  3.137699
711.780000	  3.177506
711.800000	  3.175532
711.820000	  3.224221
711.840000	  3.159741
711.860000	  3.161386
711.880000	  3.165334
711.900000	  3.216325
711.920000	  3.168952
711.940000	  3.171584
711.960000	  3.178493
711.980000	  3.144937
712.000000	  3.218628
712.020000	  3.125856
712.040000	  3.180138
712.060000	  3.177835
712.080000	  3.129804
712.100000	  3.209417
712.120000	  3.115987
712.140000	  3.224550
712.160000	  3.125198
712.180000	  3.193297
712.200000	  3.155464
712.220000	  3.174216
712.240000	  3.168952
712.260000	  3.169610
712.280000	  3.196587
712.300000	  3.137699
712.320000	  3.215338
712.340000	  3.128817
712.360000	  3.218628
712.380000	  3.127501
712.400000	  3.198232
712.420000	  3.165334
712.440000	  3.141318
712.460000	  3.197903
712.480000	  3.138028
712.500000	  3.172900
712.520000	  3.190007
712.540000	  3.120593
712.560000	  3.185401
712.580000	  3.165992
712.600000	  3.169939
712.620000	  3.164676
712.640000	  3.174545
712.660000	  3.157109
712.680000	  3.215667
712.700000	  3.140989
712.720000	  3.174216
712.740000	  3.154806
712.760000	  3.170926
712.780000	  3.162373
712.800000	  3.134739
712.820000	  3.166650
712.840000	  3.168952
712.860000	  3.177506
712.880000	  3.152503
712.900000	  3.189349
712.920000	  3.156122
712.940000	  3.192310
712.960000	  3.131120
712.980000	  3.149872
713.000000	  3.160728
713.020000	  3.215667
713.040000	  3.134410
713.060000	  3.150201
713.080000	  3.163689
713.100000	  3.157438
713.120000	  3.180467
713.140000	  3.121251
713.160000	  3.172242
713.180000	  3.171913
713.200000	  3.174545
713.220000	  3.176519
713.240000	  3.143292
713.260000	  3.173229
713.280000	  3.161715
713.300000	  3.157767
713.320000	  3.168623
713.340000	  3.160728
713.360000	  3.182112
713.380000	  3.106446
713.400000	  3.175203
713.420000	  3.161386
713.440000	  3.170268
713.460000	  3.161715
713.480000	  3.173229
713.500000	  3.171255
713.520000	  3.134739
713.540000	  3.165005
713.560000	  3.141976
713.580000	  3.140331
713.600000	  3.177506
713.620000	  3.151188
713.640000	  3.163031
713.660000	  3.147569
713.680000	  3.213036
713.700000	  3.139015
713.720000	  3.118619
713.740000	  3.167308
713.760000	  3.168952
713.780000	  3.147898
713.800000	  3.179151
713.820000	  3.160399
713.840000	  3.192310
713.860000	  3.161386
713.880000	  3.160399
713.900000	  3.156780
713.920000	  3.159412
713.940000	  3.162373
713.960000	  3.156780
713.980000	  3.154806
714.000000	  3.173887
714.020000	  3.158096
714.040000	  3.131120
714.060000	  3.137699
714.080000	  3.193297
714.100000	  3.151188
714.120000	  3.145595
714.140000	  3.174874
714.160000	  3.155135
714.180000	  3.145266
714.200000	  3.207114
714.220000	  3.135068
714.240000	  3.164676
714.260000	  3.184743
714.280000	  3.084076
714.300000	  3.177835
714.320000	  3.159741
714.340000	  3.160728
714.360000	  3.121908
714.380000	  3.209417
714.400000	  3.108420
714.420000	  3.202837
714.440000	  3.121908
714.460000	  3.192968
714.480000	  3.157109
714.500000	  3.161386
714.520000	  3.164676
714.540000	  3.163689
714.560000	  3.139344
714.580000	  3.155135
714.600000	  3.209417
714.620000	  3.151517
714.640000	  3.156780
714.660000	  3.157109
714.680000	  3.165005
714.700000	  3.136384
714.720000	  3.201192
714.740000	  3.117632
714.760000	  3.209746
714.780000	  3.117961
714.800000	  3.186059
714.820000	  3.142305
714.840000	  3.161386
714.860000	  3.159412
714.880000	  3.159083
714.900000	  3.159412
714.920000	  3.156122
714.940000	  3.183756
714.960000	  3.125198
714.980000	  3.166650
715.000000	  3.177177
715.020000	  3.112039
715.040000	  3.161057
715.060000	  3.172900
715.080000	  3.125198
715.100000	  3.176848
715.120000	  3.143292
715.140000	  3.209088
715.160000	  3.134410
715.180000	  3.137699
715.200000	  3.102828
715.220000	  3.158754
715.240000	  3.170597
715.260000	  3.161386
715.280000	  3.165005
715.300000	  3.137041
715.320000	  3.177835
715.340000	  3.134739
715.360000	  3.165663
715.380000	  3.143621
715.400000	  3.157767
715.420000	  3.149214
715.440000	  3.129146
715.460000	  3.154477
715.480000	  3.155135
715.500000	  3.180796
715.520000	  3.114671
715.540000	  3.181454
715.560000	  3.157767
715.580000	  3.106446
715.600000	  3.174216
715.620000	  3.122237
715.640000	  3.105131
715.660000	  3.201521
715.680000	  3.155793
715.700000	  3.124211
715.720000	  3.154806
715.740000	  3.109078
715.760000	  3.159741
715.780000	  3.140331
715.800000	  3.177835
715.820000	  3.151846
715.840000	  3.201521
715.860000	  3.152175
715.880000	  3.117303
715.900000	  3.154148
715.920000	  3.154477
715.940000	  3.155793
715.960000	  3.116316
715.980000	  3.202508
716.000000	  3.106775
716.020000	  3.205140
716.040000	  3.100854
716.060000	  3.203824
716.080000	  3.121579
716.100000	  3.153490
716.120000	  3.153161
716.140000	  3.130791
716.160000	  3.177177
716.180000	  3.145266
716.200000	  3.201192
716.220000	  3.148885
716.240000	  3.143292
716.260000	  3.163689
716.280000	  3.161715
716.300000	  3.150859
716.320000	  3.151188
716.340000	  3.111052
716.360000	  3.131449
716.380000	  3.163031
716.400000	  3.157438
716.420000	  3.154148
716.440000	  3.153819
716.460000	  3.153819
716.480000	  3.146253
716.500000	  3.152832
716.520000	  3.135068
716.540000	  3.190665
716.560000	  3.142634
716.580000	  3.138028
716.600000	  3.198561
716.620000	  3.105131
716.640000	  3.155793
716.660000	  3.168952
716.680000	  3.119277
716.700000	  3.150201
716.720000	  3.104473
716.740000	  3.142634
716.760000	  3.139015
716.780000	  3.141647
716.800000	  3.150201
716.820000	  3.150201
716.840000	  3.136384
716.860000	  3.172571
716.880000	  3.064666
716.900000	  3.209088
716.920000	  3.102499
716.940000	  3.176848
716.960000	  3.127830
716.980000	  3.156122
717.000000	  3.129804
717.020000	  3.153161
717.040000	  3.087366
717.060000	  3.144279
717.080000	  3.159412
717.100000	  3.111381
717.120000	  3.183099
717.140000	  3.117961
717.160000	  3.152832
717.180000	  3.127501
717.200000	  3.147898
717.220000	  3.140002
717.240000	  3.133752
717.260000	  3.177835
717.280000	  3.141318
717.300000	  3.099209
717.320000	  3.184414
717.340000	  3.139015
717.360000	  3.132765
717.380000	  3.140331
717.400000	  3.110065
717.420000	  3.154806
717.440000	  3.136055
717.460000	  3.136055
717.480000	  3.141976
717.500000	  3.192968
717.520000	  3.113355
717.540000	  3.184085
717.560000	  3.143621
717.580000	  3.128159
717.600000	  3.099867
717.620000	  3.134410
717.640000	  3.175203
717.660000	  3.097893
717.680000	  3.141976
717.700000	  3.138686
717.720000	  3.154148
717.740000	  3.110065
717.760000	  3.187375
717.780000	  3.089669
717.800000	  3.141647
717.820000	  3.185401
717.840000	  3.103486
717.860000	  3.143292
717.880000	  3.095261
717.900000	  3.142634
717.920000	  3.138686
717.940000	  3.162373
717.960000	  3.145924
717.980000	  3.092300
718.000000	  3.184743
718.020000	  3.135726
718.040000	  3.115658
718.060000	  3.181454
718.080000	  3.140989
718.100000	  3.091642
718.120000	  3.170597
718.140000	  3.100854
718.160000	  3.140989
718.180000	  3.178164
718.200000	  3.112039
718.220000	  3.140331
718.240000	  3.190336
718.260000	  3.117961
718.280000	  3.175532
718.300000	  3.100196
718.320000	  3.189678
718.340000	  3.117961
718.360000	  3.139015
718.380000	  3.145595
718.400000	  3.110723
718.420000	  3.163360
718.440000	  3.089669
718.460000	  3.181454
718.480000	  3.116974
718.500000	  3.111710
718.520000	  3.143292
718.540000	  3.087037
718.560000	  3.136055
718.580000	  3.135068
718.600000	  3.104144
718.620000	  3.187046
718.640000	  3.087037
718.660000	  3.176190
718.680000	  3.126514
718.700000	  3.134739
718.720000	  3.135397
718.740000	  3.163360
718.760000	  3.109078
718.780000	  3.178493
718.800000	  3.087695
718.820000	  3.178493
718.840000	  3.101841
718.860000	  3.145266
718.880000	  3.117303
718.900000	  3.187375
718.920000	  3.134739
718.940000	  3.119277
718.960000	  3.160399
718.980000	  3.091313
719.000000	  3.129146
719.020000	  3.133423
719.040000	  3.129146
719.060000	  3.171584
719.080000	  3.104802
719.100000	  3.135726
719.120000	  3.128159
719.140000	  3.164347
719.160000	  3.085063
719.180000	  3.188033
719.200000	  3.083747
719.220000	  3.174874
719.240000	  3.085392
719.260000	  3.135397
719.280000	  3.083089
719.300000	  3.139673
719.320000	  3.124869
719.340000	  3.155793
719.360000	  3.086050
719.380000	  3.180796
719.400000	  3.108420
719.420000	  3.130791
719.440000	  3.137041
719.460000	  3.116645
719.480000	  3.159412
719.500000	  3.087037
719.520000	  3.179151
719.540000	  3.090327
719.560000	  3.139673
719.580000	  3.088024
719.600000	  3.189020
719.620000	  3.128159
719.640000	  3.101183
719.660000	  3.178164
719.680000	  3.082760
719.700000	  3.178822
719.720000	  3.128488
719.740000	  3.100854
719.760000	  3.166979
719.780000	  3.104473
719.800000	  3.179480
719.820000	  3.086708
719.840000	  3.125198
719.860000	  3.180138
719.880000	  3.124869
719.900000	  3.119935
719.920000	  3.148556
719.940000	  3.120593
719.960000	  3.131449
719.980000	  3.113684
720.000000	  3.126185
720.020000	  3.117632
720.040000	  3.177177
720.060000	  3.129146
720.080000	  3.119277
720.100000	  3.123882
720.120000	  3.086708
720.140000	  3.129804
720.160000	  3.134081
720.180000	  3.086379
720.200000	  3.133752
720.220000	  3.128817
720.240000	  3.097893
720.260000	  3.141318
720.280000	  3.126514
720.300000	  3.124540
720.320000	  3.136384
720.340000	  3.123882
720.360000	  3.135726
720.380000	  3.088353
720.400000	  3.118619
720.420000	  3.151517
720.440000	  3.076509
720.460000	  3.177177
720.480000	  3.089998
720.500000	  3.133094
720.520000	  3.140002
720.540000	  3.083418
720.560000	  3.143950
720.580000	  3.131120
720.600000	  3.108091
720.620000	  3.145924
720.640000	  3.081444
720.660000	  3.129475
720.680000	  3.130462
720.700000	  3.106117
720.720000	  3.160399
720.740000	  3.086708
720.760000	  3.180467
720.780000	  3.074536
720.800000	  3.152503
720.820000	  3.129475
720.840000	  3.137041
720.860000	  3.129146
720.880000	  3.095919
720.900000	  3.144279
720.920000	  3.117961
720.940000	  3.133752
720.960000	  3.145266
720.980000	  3.109736
721.000000	  3.127830
721.020000	  3.126843
721.040000	  3.088353
721.060000	  3.131778
721.080000	  3.035058
721.100000	  3.141976
721.120000	  3.125527
721.140000	  3.107433
721.160000	  3.161057
721.180000	  3.080128
721.200000	  3.115329
721.220000	  3.110394
721.240000	  3.129146
721.260000	  3.115000
721.280000	  3.119277
721.300000	  3.122566
721.320000	  3.116974
721.340000	  3.124540
721.360000	  3.101512
721.380000	  3.167965
721.400000	  3.079141
721.420000	  3.155464
721.440000	  3.073220
721.460000	  3.168952
721.480000	  3.078483
721.500000	  3.153819
721.520000	  3.096906
721.540000	  3.145924
721.560000	  3.025189
721.580000	  3.127830
721.600000	  3.077825
721.620000	  3.138686
721.640000	  3.118290
721.660000	  3.089998
721.680000	  3.144279
721.700000	  3.074865
721.720000	  3.119606
721.740000	  3.115987
721.760000	  3.102828
721.780000	  3.126514
721.800000	  3.106446
721.820000	  3.125856
721.840000	  3.114671
721.860000	  3.087695
721.880000	  3.140331
721.900000	  3.073549
721.920000	  3.164018
721.940000	  3.069601
721.960000	  3.148227
721.980000	  3.059074
722.000000	  3.123224
722.020000	  3.100525
722.040000	  3.095590
722.060000	  3.073549
722.080000	  3.119935
722.100000	  3.123224
722.120000	  3.100525
722.140000	  3.148227
722.160000	  3.107433
722.180000	  3.126843
722.200000	  3.101183
722.220000	  3.113684
722.240000	  3.110394
722.260000	  3.106117
722.280000	  3.128488
722.300000	  3.070259
722.320000	  3.158754
722.340000	  3.070917
722.360000	  3.147240
722.380000	  3.093616
722.400000	  3.121579
722.420000	  3.066311
722.440000	  3.148227
722.460000	  3.108420
722.480000	  3.107762
722.500000	  3.131449
722.520000	  3.063350
722.540000	  3.158425
722.560000	  3.089998
722.580000	  3.112697
722.600000	  3.105460
722.620000	  3.097893
722.640000	  3.073220
722.660000	  3.091642
722.680000	  3.115658
722.700000	  3.062692
722.720000	  3.163031
722.740000	  3.066640
722.760000	  3.155464
722.780000	  3.088682
722.800000	  3.138357
722.820000	  3.112039
722.840000	  3.075193
722.860000	  3.110065
722.880000	  3.111381
722.900000	  3.122566
722.920000	  3.039993
722.940000	  3.126843
722.960000	  3.079799
722.980000	  3.161715
723.000000	  3.057100
723.020000	  3.108091
723.040000	  3.104473
723.060000	  3.103157
723.080000	  3.075522
723.100000	  3.100196
723.120000	  3.117303
723.140000	  3.059074
723.160000	  3.122237
723.180000	  3.109078
723.200000	  3.056771
723.220000	  3.129146
723.240000	  3.110065
723.260000	  3.060718
723.280000	  3.108091
723.300000	  3.104802
723.320000	  3.113355
723.340000	  3.085721
723.360000	  3.156122
723.380000	  3.056113
723.400000	  3.150530
723.420000	  3.064995
723.440000	  3.119277
723.460000	  3.088353
723.480000	  3.112697
723.500000	  3.104802
723.520000	  3.107433
723.540000	  3.078483
723.560000	  3.152175
723.580000	  3.052165
723.600000	  3.153490
723.620000	  3.074865
723.640000	  3.120264
723.660000	  3.104802
723.680000	  3.062034
723.700000	  3.116316
723.720000	  3.097564
723.740000	  3.088682
723.760000	  3.115000
723.780000	  3.082431
723.800000	  3.124211
723.820000	  3.043941
723.840000	  3.123882
723.860000	  3.075522
723.880000	  3.152175
723.900000	  3.053152
723.920000	  3.120922
723.940000	  3.072233
723.960000	  3.101183
723.980000	  3.056771
724.000000	  3.101183
724.020000	  3.048217
724.040000	  3.075522
724.060000	  3.081444
724.080000	  3.102170
724.100000	  3.091313
724.120000	  3.109407
724.140000	  3.090655
724.160000	  3.117303
724.180000	  3.092958
724.200000	  3.109407
724.220000	  3.081773
724.240000	  3.107433
724.260000	  3.082760
724.280000	  3.110723
724.300000	  3.053481
724.320000	  3.102170
724.340000	  3.097893
724.360000	  3.096906
724.380000	  3.103486
724.400000	  3.081773
724.420000	  3.096577
724.440000	  3.074865
724.460000	  3.109078
724.480000	  3.090655
724.500000	  3.066311
724.520000	  3.096577
724.540000	  3.096906
724.560000	  3.098880
724.580000	  3.115329
724.600000	  3.044269
724.620000	  3.140331
724.640000	  3.086379
724.660000	  3.055784
724.680000	  3.130133
724.700000	  3.102170
724.720000	  3.059074
724.740000	  3.143621
724.760000	  3.048875
724.780000	  3.140002
724.800000	  3.024202
724.820000	  3.150530
724.840000	  3.057100
724.860000	  3.126514
724.880000	  3.063679
724.900000	  3.128159
724.920000	  3.097893
724.940000	  3.053810
724.960000	  3.122895
724.980000	  3.100196
725.000000	  3.089998
725.020000	  3.065982
725.040000	  3.142305
725.060000	  3.089011
725.080000	  3.085392
725.100000	  3.140331
725.120000	  3.059731
725.140000	  3.100525
725.160000	  3.094603
725.180000	  3.087695
725.200000	  3.099209
725.220000	  3.077167
725.240000	  3.124540
725.260000	  3.086379
725.280000	  3.113684
725.300000	  3.083418
725.320000	  3.134739
725.340000	  3.085063
725.360000	  3.099209
725.380000	  3.069930
725.400000	  3.094274
725.420000	  3.053481
725.440000	  3.088024
725.460000	  3.119606
725.480000	  3.059074
725.500000	  3.035716
725.520000	  3.100854
725.540000	  3.105460
725.560000	  3.095919
725.580000	  3.104144
725.600000	  3.103815
725.620000	  3.111710
725.640000	  3.102499
725.660000	  3.066311
725.680000	  3.093287
725.700000	  3.082431
725.720000	  3.068943
725.740000	  3.068285
725.760000	  3.099538
725.780000	  3.066969
725.800000	  3.069272
725.820000	  3.095590
725.840000	  3.085392
725.860000	  3.045256
725.880000	  3.129804
725.900000	  3.065653
725.920000	  3.088353
725.940000	  3.139015
725.960000	  3.083089
725.980000	  3.089011
726.000000	  3.084405
726.020000	  3.069272
726.040000	  3.096577
726.060000	  3.066969
726.080000	  3.096248
726.100000	  3.065324
726.120000	  3.096577
726.140000	  3.061376
726.160000	  3.068943
726.180000	  3.042296
726.200000	  3.101183
726.220000	  3.044927
726.240000	  3.110065
726.260000	  3.064337
726.280000	  3.097564
726.300000	  3.081115
726.320000	  3.088353
726.340000	  3.081444
726.360000	  3.081773
726.380000	  3.068943
726.400000	  3.082760
726.420000	  3.085392
726.440000	  3.035058
726.460000	  3.128817
726.480000	  3.042296
726.500000	  3.074207
726.520000	  3.074536
726.540000	  3.077496
726.560000	  3.083089
726.580000	  3.071246
726.600000	  3.084405
726.620000	  3.078154
726.640000	  3.079470
726.660000	  3.049533
726.680000	  3.080457
726.700000	  3.055784
726.720000	  3.120264
726.740000	  3.051507
726.760000	  3.080786
726.780000	  3.085392
726.800000	  3.031768
726.820000	  3.080457
726.840000	  3.081444
726.860000	  3.052823
726.880000	  3.117961
726.900000	  3.033413
726.920000	  3.079141
726.940000	  3.079470
726.960000	  3.067298
726.980000	  3.053152
727.000000	  3.027821
727.020000	  3.074865
727.040000	  3.084405
727.060000	  3.047230
727.080000	  3.095590
727.100000	  3.060718
727.120000	  3.083747
727.140000	  3.074536
727.160000	  3.122566
727.180000	  3.073549
727.200000	  3.056113
727.220000	  3.124211
727.240000	  3.030452
727.260000	  3.099538
727.280000	  3.079470
727.300000	  3.029794
727.320000	  3.121251
727.340000	  3.036374
727.360000	  3.069272
727.380000	  3.077496
727.400000	  3.037032
727.420000	  3.127501
727.440000	  3.029136
727.460000	  3.077825
727.480000	  3.078154
727.500000	  3.023873
727.520000	  3.082431
727.540000	  3.029465
727.560000	  3.072891
727.580000	  3.106446
727.600000	  3.051507
727.620000	  3.078483
727.640000	  3.074865
727.660000	  3.071575
727.680000	  3.106446
727.700000	  3.023544
727.720000	  3.124869
727.740000	  3.030781
727.760000	  3.117632
727.780000	  3.069930
727.800000	  3.041309
727.820000	  3.082431
727.840000	  3.020912
727.860000	  3.120922
727.880000	  3.023544
727.900000	  3.110394
727.920000	  3.048875
727.940000	  3.079141
727.960000	  3.059403
727.980000	  3.073549
728.000000	  3.067956
728.020000	  3.069930
728.040000	  3.062034
728.060000	  3.100196
728.080000	  3.029465
728.100000	  3.064995
728.120000	  3.113026
728.140000	  3.037690
728.160000	  3.074865
728.180000	  3.078154
728.200000	  3.026834
728.220000	  3.111710
728.240000	  3.023215
728.260000	  3.095590
728.280000	  3.052165
728.300000	  3.061047
728.320000	  3.111710
728.340000	  3.022557
728.360000	  3.081115
728.380000	  3.064008
728.400000	  3.055126
728.420000	  3.081444
728.440000	  3.035058
728.460000	  3.106117
728.480000	  3.016635
728.500000	  3.114671
728.520000	  3.024531
728.540000	  3.097893
728.560000	  3.028807
728.580000	  3.086708
728.600000	  3.029794
728.620000	  3.073549
728.640000	  3.069272
728.660000	  3.060060
728.680000	  3.069930
728.700000	  3.046243
728.720000	  3.105131
728.740000	  3.016306
728.760000	  3.111710
728.780000	  3.028479
728.800000	  3.092629
728.820000	  3.037690
728.840000	  3.069930
728.860000	  3.064337
728.880000	  3.078154
728.900000	  3.064008
728.920000	  3.065653
728.940000	  3.063350
728.960000	  3.058745
728.980000	  3.069930
729.000000	  3.035716
729.020000	  3.099538
729.040000	  3.026834
729.060000	  3.112039
729.080000	  3.063021
729.100000	  3.036374
729.120000	  3.081444
729.140000	  3.015977
729.160000	  3.114671
729.180000	  3.018609
729.200000	  3.102170
729.220000	  3.022557
729.240000	  3.073878
729.260000	  3.055784
729.280000	  3.057429
729.300000	  3.089669
729.320000	  3.017293
729.340000	  3.082431
729.360000	  3.015648
729.380000	  3.106775
729.400000	  3.015648
729.420000	  3.041309
729.440000	  3.035058
729.460000	  3.065653
729.480000	  3.050191
729.500000	  3.058087
729.520000	  3.027821
729.540000	  3.061376
729.560000	  3.059403
729.580000	  3.046243
729.600000	  3.066969
729.620000	  3.021570
729.640000	  3.098880
729.660000	  3.009398
729.680000	  3.101841
729.700000	  3.045914
729.720000	  3.059731
729.740000	  3.055455
729.760000	  3.064337
729.780000	  3.058416
729.800000	  3.049862
729.820000	  3.059074
729.840000	  3.041309
729.860000	  3.077496
729.880000	  3.030452
729.900000	  3.086379
729.920000	  3.017622
729.940000	  3.082431
729.960000	  3.038348
729.980000	  3.103157
730.000000	  3.055455
730.020000	  3.019596
730.040000	  3.106775
730.060000	  3.038019
730.080000	  3.053152
730.100000	  3.063021
730.120000	  3.020912
730.140000	  3.100525
730.160000	  2.997226
730.180000	  3.050849
730.200000	  3.050191
730.220000	  3.027163
730.240000	  3.078812
730.260000	  3.006766
730.280000	  3.071575
730.300000	  3.052494
730.320000	  3.022228
730.340000	  3.091642
730.360000	  3.014990
730.380000	  3.039006
730.400000	  3.090655
730.420000	  3.004134
730.440000	  3.044269
730.460000	  3.061705
730.480000	  3.012359
730.500000	  3.091642
730.520000	  3.042954
730.540000	  3.050191
730.560000	  3.075851
730.580000	  3.001831
730.600000	  3.096906
730.620000	  3.016635
730.640000	  3.074207
730.660000	  3.046901
730.680000	  3.048875
730.700000	  3.054468
730.720000	  3.007095
730.740000	  3.049862
730.760000	  3.013674
730.780000	  3.022228
730.800000	  3.066640
730.820000	  2.999857
730.840000	  3.079470
730.860000	  2.998212
730.880000	  3.085721
730.900000	  3.000186
730.920000	  3.102499
730.940000	  3.001173
730.960000	  3.048875
730.980000	  3.052823
731.000000	  3.002489
731.020000	  3.099538
731.040000	  3.002160
731.060000	  3.084405
731.080000	  3.034400
731.100000	  3.046572
731.120000	  3.002818
731.140000	  3.095261
731.160000	  3.038677
731.180000	  3.027163
731.200000	  3.079799
731.220000	  3.002160
731.240000	  3.040980
731.260000	  3.047230
731.280000	  3.015648
731.300000	  3.076180
731.320000	  2.970249
731.340000	  3.093945
731.360000	  2.992949
731.380000	  3.093616
731.400000	  2.999199
731.420000	  3.045585
731.440000	  3.049862
731.460000	  3.018609
731.480000	  3.053810
731.500000	  3.036045
731.520000	  3.045256
731.540000	  3.046901
731.560000	  3.037690
731.580000	  3.014332
731.600000	  3.089669
731.620000	  3.036374
731.640000	  3.027163
731.660000	  3.091971
731.680000	  2.990975
731.700000	  3.065324
731.720000	  3.034400
731.740000	  3.037690
731.760000	  3.046243
731.780000	  3.030452
731.800000	  3.039664
731.820000	  3.045585
731.840000	  3.067956
731.860000	  3.016306
731.880000	  3.046901
731.900000	  3.040322
731.920000	  2.993278
731.940000	  3.076838
731.960000	  3.017951
731.980000	  3.051178
732.000000	  3.032426
732.020000	  3.038348
732.040000	  3.091642
732.060000	  2.990646
732.080000	  3.077825
732.100000	  2.993278
732.120000	  3.077167
732.140000	  3.010056
732.160000	  3.049204
732.180000	  3.012359
732.200000	  3.038348
732.220000	  3.030781
732.240000	  3.031768
732.260000	  2.999528
732.280000	  3.077167
732.300000	  3.031110
732.320000	  3.003476
732.340000	  3.093616
732.360000	  3.036045
732.380000	  3.044269
732.400000	  3.057100
732.420000	  3.003476
732.440000	  3.024531
732.460000	  3.020254
732.480000	  2.987027
732.500000	  3.089998
732.520000	  2.951826
732.540000	  3.047230
732.560000	  3.018938
732.580000	  3.024531
732.600000	  3.074536
732.620000	  3.024860
732.640000	  3.021241
732.660000	  3.053810
732.680000	  3.028150
732.700000	  3.069272
732.720000	  3.015319
732.740000	  3.010714
732.760000	  3.038348
732.780000	  2.995910
732.800000	  3.043283
732.820000	  3.032426
732.840000	  3.015319
732.860000	  3.037690
732.880000	  3.021241
732.900000	  3.037690
732.920000	  3.028479
732.940000	  3.026176
732.960000	  3.031768
732.980000	  3.043612
733.000000	  2.985053
733.020000	  3.023873
733.040000	  3.038348
733.060000	  2.989988
733.080000	  3.081444
733.100000	  2.986369
733.120000	  3.031768
733.140000	  3.015648
733.160000	  3.004792
733.180000	  3.051507
733.200000	  3.030781
733.220000	  2.986698
733.240000	  3.063350
733.260000	  3.024202
733.280000	  3.022557
733.300000	  3.034071
733.320000	  3.000844
733.340000	  3.054139
733.360000	  2.981106
733.380000	  3.064666
733.400000	  2.984395
733.420000	  3.023873
733.440000	  3.024531
733.460000	  3.025847
733.480000	  3.016964
733.500000	  3.022886
733.520000	  3.021241
733.540000	  3.024531
733.560000	  3.031768
733.580000	  3.026505
733.600000	  3.044927
733.620000	  3.015319
733.640000	  3.041967
733.660000	  3.001502
733.680000	  3.026505
733.700000	  2.977816
733.720000	  3.018280
733.740000	  3.051178
733.760000	  2.958735
733.780000	  3.017951
733.800000	  3.030452
733.820000	  3.037032
733.840000	  3.031768
733.860000	  3.071575
733.880000	  2.981435
733.900000	  3.022886
733.920000	  3.017951
733.940000	  3.028807
733.960000	  3.001173
733.980000	  3.020912
734.000000	  3.061705
734.020000	  2.973868
734.040000	  3.066969
734.060000	  2.975513
734.080000	  3.054468
734.100000	  2.995252
734.120000	  3.025847
734.140000	  3.009398
734.160000	  3.024531
734.180000	  3.011043
734.200000	  3.017293
734.220000	  3.022886
734.240000	  2.985711
734.260000	  3.032426
734.280000	  2.990317
734.300000	  3.058087
734.320000	  2.963999
734.340000	  3.059403
734.360000	  2.989330
734.380000	  3.014332
734.400000	  3.001502
734.420000	  3.020254
734.440000	  3.008411
734.460000	  3.020583
734.480000	  3.017293
734.500000	  3.011372
734.520000	  3.041967
734.540000	  3.017293
734.560000	  2.974855
734.580000	  3.053810
734.600000	  2.966631
734.620000	  3.068614
734.640000	  2.967617
734.660000	  3.047230
734.680000	  2.968604
734.700000	  3.041638
734.720000	  3.014661
734.740000	  3.005450
734.760000	  3.031110
734.780000	  2.974855
734.800000	  3.058087
734.820000	  2.991304
734.840000	  3.025518
734.860000	  3.012030
734.880000	  3.021570
734.900000	  3.015977
734.920000	  2.989659
734.940000	  3.047888
734.960000	  2.963670
734.980000	  3.019596
735.000000	  3.015319
735.020000	  2.962354
735.040000	  3.060389
735.060000	  2.961696
735.080000	  3.055784
735.100000	  2.999528
735.120000	  3.016306
735.140000	  3.014661
735.160000	  2.963999
735.180000	  3.038348
735.200000	  3.002160
735.220000	  2.992620
735.240000	  3.047230
735.260000	  2.972552
735.280000	  3.045256
735.300000	  2.959064
735.320000	  3.031439
735.340000	  3.032097
735.360000	  2.988343
735.380000	  3.014990
735.400000	  2.986698
735.420000	  3.003805
735.440000	  3.049204
735.460000	  2.978803
735.480000	  3.008740
735.500000	  3.006108
735.520000	  2.975842
735.540000	  3.045256
735.560000	  2.967288
735.580000	  3.036374
735.600000	  2.976500
735.620000	  3.029136
735.640000	  2.978145
735.660000	  3.029136
735.680000	  2.982750
735.700000	  3.009727
735.720000	  2.965644
735.740000	  3.009727
735.760000	  3.008082
735.780000	  2.985053
735.800000	  3.029794
735.820000	  2.956761
735.840000	  3.058416
735.860000	  2.957090
735.880000	  3.009069
735.900000	  3.009398
735.920000	  3.016635
735.940000	  3.014332
735.960000	  2.948537
735.980000	  3.035387
736.000000	  2.971565
736.020000	  3.020254
736.040000	  2.992291
736.060000	  2.965973
736.080000	  3.009727
736.100000	  3.004792
736.120000	  2.998870
736.140000	  2.979790
736.160000	  3.047888
736.180000	  2.992291
736.200000	  2.982750
736.220000	  3.051836
736.240000	  2.977158
736.260000	  3.008740
736.280000	  2.989988
736.300000	  3.006437
736.320000	  2.984395
736.340000	  3.005779
736.360000	  2.952484
736.380000	  3.002489
736.400000	  3.010056
736.420000	  2.948537
736.440000	  3.030452
736.460000	  2.997226
736.480000	  3.000844
736.500000	  2.966631
736.520000	  3.026505
736.540000	  2.963012
736.560000	  3.049533
736.580000	  2.958406
736.600000	  3.043612
736.620000	  2.949195
736.640000	  3.037032
736.660000	  2.992949
736.680000	  2.973539
736.700000	  3.014661
736.720000	  2.955445
736.740000	  3.044927
736.760000	  2.943602
736.780000	  3.040322
736.800000	  2.990317
736.820000	  3.019596
736.840000	  2.993936
736.860000	  3.007753
736.880000	  2.994923
736.900000	  2.981435
736.920000	  2.999857
736.940000	  3.000186
736.960000	  2.997226
736.980000	  2.989988
737.000000	  3.010056
737.020000	  2.984066
737.040000	  2.966302
737.060000	  2.987027
737.080000	  2.989330
737.100000	  3.000515
737.120000	  2.964328
737.140000	  3.029794
737.160000	  2.941299
737.180000	  2.988014
737.200000	  2.976171
737.220000	  2.940970
737.240000	  3.023544
737.260000	  2.987356
737.280000	  2.973539
737.300000	  3.028807
737.320000	  2.938009
737.340000	  3.010714
737.360000	  2.977487
737.380000	  3.035058
737.400000	  2.952813
737.420000	  2.984066
737.440000	  2.995910
737.460000	  2.901822
737.480000	  3.031439
737.500000	  2.945247
737.520000	  3.032755
737.540000	  2.931759
737.560000	  3.033413
737.580000	  2.981106
737.600000	  2.976171
737.620000	  3.035058
737.640000	  2.982750
737.660000	  2.982750
737.680000	  2.972881
737.700000	  2.964657
737.720000	  2.946563
737.740000	  2.974197
737.760000	  3.004134
737.780000	  2.962683
737.800000	  2.965644
737.820000	  3.031110
737.840000	  2.950511
737.860000	  2.942286
737.880000	  3.007095
737.900000	  2.933733
737.920000	  2.979790
737.940000	  3.013345
737.960000	  2.935049
737.980000	  3.010714
738.000000	  2.967288
738.020000	  2.981435
738.040000	  2.984066
738.060000	  2.938667
738.080000	  2.979790
738.100000	  2.986369
738.120000	  2.966631
738.140000	  2.981435
738.160000	  2.941299
738.180000	  2.986369
738.200000	  2.946234
738.220000	  3.001173
738.240000	  2.975513
738.260000	  2.985053
738.280000	  2.983737
738.300000	  2.970578
738.320000	  2.987356
738.340000	  2.962025
738.360000	  2.991304
738.380000	  2.957419
738.400000	  2.989330
738.420000	  2.949524
738.440000	  2.949853
738.460000	  2.933404
738.480000	  3.026176
738.500000	  2.929456
738.520000	  2.993607
738.540000	  2.939325
738.560000	  3.028150
738.580000	  2.978803
738.600000	  2.932088
738.620000	  3.017622
738.640000	  2.921231
738.660000	  3.018609
738.680000	  2.972552
738.700000	  2.957748
738.720000	  3.010056
738.740000	  2.926166
738.760000	  2.977816
738.780000	  2.979132
738.800000	  2.941957
738.820000	  2.998870
738.840000	  2.932417
738.860000	  3.023544
738.880000	  2.929456
738.900000	  3.002489
738.920000	  2.969591
738.940000	  2.979132
738.960000	  2.972223
738.980000	  2.964986
739.000000	  2.977158
739.020000	  2.909388
739.040000	  3.000186
739.060000	  2.936693
739.080000	  2.985382
739.100000	  2.951169
739.120000	  3.013345
739.140000	  2.972552
739.160000	  2.928140
739.180000	  3.015648
739.200000	  2.923863
739.220000	  2.971236
739.240000	  2.967946
739.260000	  2.952155
739.280000	  2.955445
739.300000	  2.924850
739.320000	  2.971565
739.340000	  2.964328
739.360000	  2.980777
739.380000	  2.930443
739.400000	  3.014003
739.420000	  2.921231
739.440000	  2.999199
739.460000	  2.943273
739.480000	  2.978145
739.500000	  2.917284
739.520000	  2.968275
739.540000	  2.990975
739.560000	  2.923863
739.580000	  3.009727
739.600000	  2.928469
739.620000	  2.974855
739.640000	  2.971236
739.660000	  2.944260
739.680000	  2.970907
739.700000	  2.959064
739.720000	  3.011701
739.740000	  2.958077
739.760000	  2.953800
739.780000	  2.991304
739.800000	  2.921560
739.820000	  2.990646
739.840000	  2.963341
739.860000	  2.941957
739.880000	  2.998541
739.900000	  2.921889
739.920000	  2.949853
739.940000	  2.980119
739.960000	  2.921889
739.980000	  2.981435
740.000000	  2.912349
740.020000	  3.008411
740.040000	  2.916955
740.060000	  3.010385
740.080000	  2.912678
740.100000	  3.009398
740.120000	  2.944918
740.140000	  2.970578
740.160000	  2.964986
740.180000	  2.929127
740.200000	  2.963999
740.220000	  2.944589
740.240000	  2.980777
740.260000	  2.927153
740.280000	  3.010714
740.300000	  2.913336
740.320000	  3.014990
740.340000	  2.916297
740.360000	  3.008740
740.380000	  2.916955
740.400000	  2.983079
740.420000	  2.946234
740.440000	  2.964986
740.460000	  2.941299
740.480000	  2.917942
740.500000	  3.000186
740.520000	  2.884715
740.540000	  2.959393
740.560000	  2.968933
740.580000	  2.966302
740.600000	  2.958735
740.620000	  2.947550
740.640000	  2.966302
740.660000	  2.938667
740.680000	  2.970249
740.700000	  2.918271
740.720000	  3.009398
740.740000	  2.938338
740.760000	  2.925179
740.780000	  2.996897
740.800000	  2.910704
740.820000	  2.954787
740.840000	  2.958406
740.860000	  2.923534
740.880000	  2.985382
740.900000	  2.952155
740.920000	  2.906098
740.940000	  2.995252
740.960000	  2.937680
740.980000	  2.960051
741.000000	  2.942944
741.020000	  2.962683
741.040000	  2.953142
741.060000	  2.959393
741.080000	  2.841948
741.100000	  2.990317
741.120000	  2.941957
741.140000	  2.937351
741.160000	  2.977816
741.180000	  2.938996
741.200000	  2.938667
741.220000	  2.948208
741.240000	  2.938667
741.260000	  2.952813
741.280000	  2.932746
741.300000	  2.948208
741.320000	  2.940641
741.340000	  2.936364
741.360000	  2.949524
741.380000	  2.887347
741.400000	  2.976829
741.420000	  2.948208
741.440000	  2.895900
741.460000	  2.945905
741.480000	  2.940970
741.500000	  2.910046
741.520000	  2.941957
741.540000	  2.942615
741.560000	  2.920573
741.580000	  2.970249
741.600000	  2.896558
741.620000	  2.993936
741.640000	  2.850501
741.660000	  2.981106
741.680000	  2.940641
741.700000	  2.958077
741.720000	  2.943273
741.740000	  2.968933
741.760000	  2.898861
741.780000	  2.949195
741.800000	  2.937680
741.820000	  2.950840
741.840000	  2.944260
741.860000	  2.957748
741.880000	  2.939983
741.900000	  2.949524
741.920000	  2.958406
741.940000	  2.947550
741.960000	  2.960709
741.980000	  2.947879
742.000000	  2.951826
742.020000	  2.928469
742.040000	  2.889978
742.060000	  2.949195
742.080000	  2.940312
742.100000	  2.940312
742.120000	  2.948208
742.140000	  2.938667
742.160000	  2.951497
742.180000	  2.918271
742.200000	  2.927811
742.220000	  2.915639
742.240000	  2.910704
742.260000	  2.893268
742.280000	  2.968604
742.300000	  2.931759
742.320000	  2.942286
742.340000	  2.929456
742.360000	  2.910704
742.380000	  2.953471
742.400000	  2.938996
742.420000	  2.950182
742.440000	  2.960380
742.460000	  2.888992
742.480000	  2.975842
742.500000	  2.898532
742.520000	  2.955774
742.540000	  2.903467
742.560000	  2.939983
742.580000	  2.936035
742.600000	  2.928798
742.620000	  2.940312
742.640000	  2.903138
742.660000	  2.959064
742.680000	  2.904783
742.700000	  2.985711
742.720000	  2.884715
742.740000	  2.939654
742.760000	  2.928140
742.780000	  2.951826
742.800000	  2.935378
742.820000	  2.889649
742.840000	  2.979461
742.860000	  2.917613
742.880000	  2.938667
742.900000	  2.928140
742.920000	  2.929127
742.940000	  2.944918
742.960000	  2.949524
742.980000	  2.914323
743.000000	  2.898861
743.020000	  2.955774
743.040000	  2.930443
743.060000	  2.975513
743.080000	  2.916297
743.100000	  2.984395
743.120000	  2.913336
743.140000	  2.974526
743.160000	  2.934720
743.180000	  2.894913
743.200000	  2.982750
743.220000	  2.884715
743.240000	  2.955774
743.260000	  2.926166
743.280000	  2.933404
743.300000	  2.927482
743.320000	  2.926495
743.340000	  2.936035
743.360000	  2.902480
743.380000	  2.971236
743.400000	  2.931101
743.420000	  2.931101
743.440000	  2.881096
743.460000	  2.982093
743.480000	  2.885044
743.500000	  2.949195
743.520000	  2.905440
743.540000	  2.938996
743.560000	  2.920902
743.580000	  2.867279
743.600000	  2.928140
743.620000	  2.939983
743.640000	  2.936693
743.660000	  2.926495
743.680000	  2.884715
743.700000	  2.960709
743.720000	  2.917613
743.740000	  2.929456
743.760000	  2.925837
743.780000	  2.928140
743.800000	  2.916626
743.820000	  2.905111
743.840000	  2.961038
743.860000	  2.906098
743.880000	  2.924850
743.900000	  2.937022
743.920000	  2.925179
743.940000	  2.897216
743.960000	  2.943931
743.980000	  2.917942
744.000000	  2.931101
744.020000	  2.916955
744.040000	  2.929785
744.060000	  2.954458
744.080000	  2.906098
744.100000	  2.987356
744.120000	  2.883728
744.140000	  2.968933
744.160000	  2.872214
744.180000	  2.937351
744.200000	  2.911362
744.220000	  2.919258
744.240000	  2.921560
744.260000	  2.936364
744.280000	  2.931759
744.300000	  2.915639
744.320000	  2.948537
744.340000	  2.879122
744.360000	  2.967617
744.380000	  2.850172
744.400000	  2.933075
744.420000	  2.907743
744.440000	  2.909717
744.460000	  2.892281
744.480000	  2.886031
744.500000	  2.949195
744.520000	  2.877806
744.540000	  3.001831
744.560000	  2.887676
744.580000	  2.928469
744.600000	  2.912020
744.620000	  2.908401
744.640000	  2.908730
744.660000	  2.877477
744.680000	  2.933075
744.700000	  2.912678
744.720000	  2.900506
744.740000	  2.932417
744.760000	  2.848198
744.780000	  2.968275
744.800000	  2.871227
744.820000	  2.959393
744.840000	  2.915968
744.860000	  2.917284
744.880000	  2.966302
744.900000	  2.879122
744.920000	  2.914981
744.940000	  2.916297
744.960000	  2.899519
744.980000	  2.926495
745.000000	  2.900506
745.020000	  2.948537
745.040000	  2.881754
745.060000	  2.953471
745.080000	  2.894584
745.100000	  2.907085
745.120000	  2.951826
745.140000	  2.911362
745.160000	  2.875503
745.180000	  2.958077
745.200000	  2.905440
745.220000	  2.895900
745.240000	  2.961696
745.260000	  2.904454
745.280000	  2.925837
745.300000	  2.918600
745.320000	  2.858725
745.340000	  2.929127
745.360000	  2.885044
745.380000	  2.923534
745.400000	  2.876161
745.420000	  2.951826
745.440000	  2.855107
745.460000	  2.961367
745.480000	  2.851488
745.500000	  2.946563
745.520000	  2.874845
745.540000	  2.921889
745.560000	  2.899519
745.580000	  2.907414
745.600000	  2.914981
745.620000	  2.868924
745.640000	  2.962683
745.660000	  2.861686
745.680000	  2.963341
745.700000	  2.870569
745.720000	  2.937351
745.740000	  2.898861
745.760000	  2.933075
745.780000	  2.860699
745.800000	  2.959722
745.820000	  2.867937
745.840000	  2.953800
745.860000	  2.861686
745.880000	  2.914652
745.900000	  2.930772
745.920000	  2.890636
745.940000	  2.954787
745.960000	  2.857739
745.980000	  2.951826
746.000000	  2.877477
746.020000	  2.907414
746.040000	  2.903138
746.060000	  2.906098
746.080000	  2.894913
746.100000	  2.894913
746.120000	  2.907414
746.140000	  2.886689
746.160000	  2.926166
746.180000	  2.881754
746.200000	  2.917942
746.220000	  2.898532
746.240000	  2.904783
746.260000	  2.903796
746.280000	  2.878135
746.300000	  2.943273
746.320000	  2.849843
746.340000	  2.950182
746.360000	  2.859712
746.380000	  2.924850
746.400000	  2.907743
746.420000	  2.902480
746.440000	  2.899519
746.460000	  2.949524
746.480000	  2.882741
746.500000	  2.868266
746.520000	  2.947221
746.540000	  2.887676
746.560000	  2.864318
746.580000	  2.946892
746.600000	  2.888334
746.620000	  2.879451
746.640000	  2.926166
746.660000	  2.881754
746.680000	  2.888334
746.700000	  2.947879
746.720000	  2.823196
746.740000	  2.916626
746.760000	  2.899190
746.780000	  2.871556
746.800000	  2.931101
746.820000	  2.852804
746.840000	  2.943931
746.860000	  2.845566
746.880000	  2.901493
746.900000	  2.893926
746.920000	  2.873859
746.940000	  2.932088
746.960000	  2.857739
746.980000	  2.945576
747.000000	  2.842606
747.020000	  2.914323
747.040000	  2.891623
747.060000	  2.898532
747.080000	  2.891294
747.100000	  2.884386
747.120000	  2.900835
747.140000	  2.901164
747.160000	  2.842277
747.180000	  2.918600
747.200000	  2.839974
747.220000	  2.944260
747.240000	  2.857739
747.260000	  2.891623
747.280000	  2.894584
747.300000	  2.888992
747.320000	  2.882083
747.340000	  2.854449
747.360000	  2.933404
747.380000	  2.855765
747.400000	  2.938996
747.420000	  2.838000
747.440000	  2.920245
747.460000	  2.843263
747.480000	  2.908401
747.500000	  2.858068
747.520000	  2.889321
747.540000	  2.885044
747.560000	  2.886031
747.580000	  2.896229
747.600000	  2.870569
747.620000	  2.928469
747.640000	  2.841948
747.660000	  2.940641
747.680000	  2.842277
747.700000	  2.923863
747.720000	  2.884715
747.740000	  2.859712
747.760000	  2.893597
747.780000	  2.873201
747.800000	  2.899519
747.820000	  2.839316
747.840000	  2.905111
747.860000	  2.879451
747.880000	  2.932746
747.900000	  2.847540
747.920000	  2.886360
747.940000	  2.860699
747.960000	  2.931101
747.980000	  2.858725
748.000000	  2.873859
748.020000	  2.898203
748.040000	  2.852146
748.060000	  2.913994
748.080000	  2.881754
748.100000	  2.869253
748.120000	  2.864647
748.140000	  2.860699
748.160000	  2.907743
748.180000	  2.842277
748.200000	  2.920902
748.220000	  2.833723
748.240000	  2.926495
748.260000	  2.841290
748.280000	  2.915639
748.300000	  2.806418
748.320000	  2.929127
748.340000	  2.828788
748.360000	  2.907414
748.380000	  2.828130
748.400000	  2.919916
748.420000	  2.840632
748.440000	  2.928469
748.460000	  2.801483
748.480000	  2.882083
748.500000	  2.903796
748.520000	  2.827144
748.540000	  2.925179
748.560000	  2.830104
748.580000	  2.879122
748.600000	  2.882412
748.620000	  2.843263
748.640000	  2.909388
748.660000	  2.832736
748.680000	  2.929127
748.700000	  2.808063
748.720000	  2.905769
748.740000	  2.897874
748.760000	  2.827801
748.780000	  2.885702
748.800000	  2.878464
748.820000	  2.870898
748.840000	  2.892281
748.860000	  2.865305
748.880000	  2.923534
748.900000	  2.872214
748.920000	  2.826486
748.940000	  2.922876
748.960000	  2.826815
748.980000	  2.913994
749.000000	  2.847211
749.020000	  2.878464
749.040000	  2.844908
749.060000	  2.863660
749.080000	  2.878793
749.100000	  2.867608
749.120000	  2.882412
749.140000	  2.852804
749.160000	  2.870569
749.180000	  2.865305
749.200000	  2.852475
749.220000	  2.917942
749.240000	  2.838987
749.260000	  2.894913
749.280000	  2.864647
749.300000	  2.866621
749.320000	  2.874845
749.340000	  2.870240
749.360000	  2.871556
749.380000	  2.858397
749.400000	  2.892939
749.420000	  2.823196
749.440000	  2.915639
749.460000	  2.814313
749.480000	  2.913336
749.500000	  2.812997
749.520000	  2.863989
749.540000	  2.871556
749.560000	  2.811353
749.580000	  2.918271
749.600000	  2.825499
749.620000	  2.903138
749.640000	  2.833723
749.660000	  2.913007
749.680000	  2.839974
749.700000	  2.876819
749.720000	  2.864976
749.740000	  2.866292
749.760000	  2.859383
749.780000	  2.857410
749.800000	  2.873530
749.820000	  2.847540
749.840000	  2.879780
749.860000	  2.818261
749.880000	  2.881425
749.900000	  2.820893
749.920000	  2.909717
749.940000	  2.819248
749.960000	  2.887347
749.980000	  2.828788
750.000000	  2.905440
750.020000	  2.816945
750.040000	  2.902151
750.060000	  2.861028
750.080000	  2.817274
750.100000	  2.879780
750.120000	  2.861028
750.140000	  2.838658
750.160000	  2.874187
750.180000	  2.828130
750.200000	  2.867279
750.220000	  2.803786
750.240000	  2.910704
750.260000	  2.785034
750.280000	  2.905111
750.300000	  2.838987
750.320000	  2.862344
750.340000	  2.857081
750.360000	  2.856752
750.380000	  2.838329
750.400000	  2.836684
750.420000	  2.867937
750.440000	  2.830433
750.460000	  2.894913
750.480000	  2.805760
750.500000	  2.904454
750.520000	  2.851817
750.540000	  2.841948
750.560000	  2.880767
750.580000	  2.807405
750.600000	  2.902480
750.620000	  2.823525
750.640000	  2.852804
750.660000	  2.851159
750.680000	  2.853462
750.700000	  2.860370
750.720000	  2.832078
750.740000	  2.882083
750.760000	  2.782073
750.780000	  2.902809
750.800000	  2.812339
750.820000	  2.884057
750.840000	  2.830104
750.860000	  2.853133
750.880000	  2.853133
750.900000	  2.849185
750.920000	  2.849185
750.940000	  2.842606
750.960000	  2.854778
750.980000	  2.831420
751.000000	  2.878135
751.020000	  2.817932
751.040000	  2.885702
751.060000	  2.808063
751.080000	  2.899519
751.100000	  2.843592
751.120000	  2.824183
751.140000	  2.857081
751.160000	  2.831749
751.180000	  2.855107
751.200000	  2.841948
751.220000	  2.848527
751.240000	  2.819906
751.260000	  2.873859
751.280000	  2.844579
751.300000	  2.811682
751.320000	  2.851488
751.340000	  2.877477
751.360000	  2.794575
751.380000	  2.871227
751.400000	  2.817274
751.420000	  2.870569
751.440000	  2.824512
751.460000	  2.865305
751.480000	  2.816287
751.500000	  2.877477
751.520000	  2.804115
751.540000	  2.870898
751.560000	  2.857739
751.580000	  2.826815
751.600000	  2.870240
751.620000	  2.838658
751.640000	  2.856752
751.660000	  2.799509
751.680000	  2.860699
751.700000	  2.804773
751.720000	  2.898532
751.740000	  2.844579
751.760000	  2.821880
751.780000	  2.890307
751.800000	  2.849514
751.820000	  2.830104
751.840000	  2.820893
751.860000	  2.825499
751.880000	  2.885702
751.900000	  2.817932
751.920000	  2.884386
751.940000	  2.847540
751.960000	  2.812339
751.980000	  2.866292
752.000000	  2.832078
752.020000	  2.836684
752.040000	  2.838329
752.060000	  2.841619
752.080000	  2.818590
752.100000	  2.887018
752.120000	  2.791614
752.140000	  2.845566
752.160000	  2.832736
752.180000	  2.838000
752.200000	  2.845566
752.220000	  2.884715
752.240000	  2.806747
752.260000	  2.841619
752.280000	  2.822209
752.300000	  2.830433
752.320000	  2.876819
752.340000	  2.788324
752.360000	  2.835697
752.380000	  2.831749
752.400000	  2.813326
752.420000	  2.869582
752.440000	  2.814971
752.460000	  2.823854
752.480000	  2.871885
752.500000	  2.777468
752.520000	  2.833065
752.540000	  2.846882
752.560000	  2.746215
752.580000	  2.863660
752.600000	  2.813326
752.620000	  2.829775
752.640000	  2.822538
752.660000	  2.832736
752.680000	  2.819248
752.700000	  2.831420
752.720000	  2.818919
752.740000	  2.825828
752.760000	  2.831749
752.780000	  2.830433
752.800000	  2.830433
752.820000	  2.843263
752.840000	  2.797206
752.860000	  2.821222
752.880000	  2.872543
752.900000	  2.814313
752.920000	  2.789311
752.940000	  2.852804
752.960000	  2.822538
752.980000	  2.797206
753.000000	  2.870240
753.020000	  2.821222
753.040000	  2.834710
753.060000	  2.815629
753.080000	  2.802470
753.100000	  2.811024
753.120000	  2.813984
753.140000	  2.799180
753.160000	  2.832736
753.180000	  2.819906
753.200000	  2.822209
753.220000	  2.804444
753.240000	  2.827473
753.260000	  2.830433
753.280000	  2.867608
753.300000	  2.789969
753.320000	  2.806089
753.340000	  2.829775
753.360000	  2.830433
753.380000	  2.828130
753.400000	  2.827144
753.420000	  2.826157
753.440000	  2.826815
753.460000	  2.796220
753.480000	  2.820235
753.500000	  2.809708
753.520000	  2.825828
753.540000	  2.790627
753.560000	  2.837671
753.580000	  2.812011
753.600000	  2.828459
753.620000	  2.815958
753.640000	  2.816287
753.660000	  2.825170
753.680000	  2.767598
753.700000	  2.833394
753.720000	  2.811353
753.740000	  2.802799
753.760000	  2.812668
753.780000	  2.810695
753.800000	  2.783389
753.820000	  2.795562
753.840000	  2.860041
753.860000	  2.799838
753.880000	  2.818261
753.900000	  2.807734
753.920000	  2.782073
753.940000	  2.817274
753.960000	  2.810695
753.980000	  2.806089
754.000000	  2.820235
754.020000	  2.823854
754.040000	  2.776152
754.060000	  2.858068
754.080000	  2.767269
754.100000	  2.867279
754.120000	  2.766940
754.140000	  2.854778
754.160000	  2.790627
754.180000	  2.786021
754.200000	  2.855107
754.220000	  2.771217
754.240000	  2.832736
754.260000	  2.798851
754.280000	  2.822867
754.300000	  2.813326
754.320000	  2.795233
754.340000	  2.727792
754.360000	  2.816616
754.380000	  2.817603
754.400000	  2.820235
754.420000	  2.798851
754.440000	  2.793917
754.460000	  2.818590
754.480000	  2.755097
754.500000	  2.805431
754.520000	  2.741609
754.540000	  2.814971
754.560000	  2.813326
754.580000	  2.791943
754.600000	  2.738977
754.620000	  2.770230
754.640000	  2.802470
754.660000	  2.821222
754.680000	  2.783718
754.700000	  2.817603
754.720000	  2.756084
754.740000	  2.805102
754.760000	  2.807734
754.780000	  2.798851
754.800000	  2.803457
754.820000	  2.763980
754.840000	  2.849843
754.860000	  2.806747
754.880000	  2.847211
754.900000	  2.812997
754.920000	  2.827473
754.940000	  2.802141
754.960000	  2.798522
754.980000	  2.739635
755.000000	  2.777139
755.020000	  2.838987
755.040000	  2.758387
755.060000	  2.853133
755.080000	  2.756084
755.100000	  2.851488
755.120000	  2.786021
755.140000	  2.813984
755.160000	  2.762335
755.180000	  2.755755
755.200000	  2.803786
755.220000	  2.803128
755.240000	  2.789311
755.260000	  2.840961
755.280000	  2.756742
755.300000	  2.846882
755.320000	  2.729437
755.340000	  2.817274
755.360000	  2.759374
755.380000	  2.838987
755.400000	  2.761348
755.420000	  2.838000
755.440000	  2.789969
755.460000	  2.802141
755.480000	  2.797206
755.500000	  2.782073
755.520000	  2.820564
755.540000	  2.750491
755.560000	  2.844908
755.580000	  2.754768
755.600000	  2.843263
755.620000	  2.758716
755.640000	  2.801812
755.660000	  2.800825
755.680000	  2.791285
755.700000	  2.807076
755.720000	  2.762335
755.740000	  2.818261
755.760000	  2.754439
755.780000	  2.840303
755.800000	  2.748518
755.820000	  2.789311
755.840000	  2.819577
755.860000	  2.746544
755.880000	  2.837671
755.900000	  2.787995
755.920000	  2.794575
755.940000	  2.809379
755.960000	  2.747202
755.980000	  2.842935
756.000000	  2.737990
756.020000	  2.840632
756.040000	  2.750820
756.060000	  2.781087
756.080000	  2.834052
756.100000	  2.751149
756.120000	  2.834052
756.140000	  2.766282
756.160000	  2.804773
756.180000	  2.785363
756.200000	  2.792601
756.220000	  2.787666
756.240000	  2.791614
756.260000	  2.797206
756.280000	  2.766282
756.300000	  2.820235
756.320000	  2.740293
756.340000	  2.834710
756.360000	  2.741280
756.380000	  2.822867
756.400000	  2.750820
756.420000	  2.804115
756.440000	  2.780429
756.460000	  2.788653
756.480000	  2.785692
756.500000	  2.790298
756.520000	  2.784047
756.540000	  2.774836
756.560000	  2.784047
756.580000	  2.768914
756.600000	  2.808392
756.620000	  2.739306
756.640000	  2.838658
756.660000	  2.742596
756.680000	  2.829117
756.700000	  2.776481
756.720000	  2.747202
756.740000	  2.831749
756.760000	  2.731740
756.780000	  2.831420
756.800000	  2.740951
756.820000	  2.799838
756.840000	  2.779442
756.860000	  2.783718
756.880000	  2.775823
756.900000	  2.776481
756.920000	  2.786021
756.940000	  2.772862
756.960000	  2.791285
756.980000	  2.770559
757.000000	  2.801154
757.020000	  2.751807
757.040000	  2.820564
757.060000	  2.676800
757.080000	  2.830433
757.100000	  2.735358
757.120000	  2.777139
757.140000	  2.783060
757.160000	  2.770559
757.180000	  2.787337
757.200000	  2.728779
757.220000	  2.773191
757.240000	  2.814313
757.260000	  2.728779
757.280000	  2.826486
757.300000	  2.737990
757.320000	  2.796220
757.340000	  2.779771
757.360000	  2.730095
757.380000	  2.774836
757.400000	  2.789311
757.420000	  2.734043
757.440000	  2.764309
